1 0 0 0 0 0 0 0 0 0 0 0 0 0 0 0 0 0 0 0 0 0 0 0 0 0 0 0 0 0 0 0 0 0 0 0 0 0 0 0 0 0 0 0 0 0 0 0 0 0 0 0 0 0 0 0 0 0 0 0 0 0 0 0 1 
0 0 0 0 0 0 0 0 0 0 0 0 0 0 0 0 0 0 0 0 0 0 0 0 0 0 0 0 0 0 0 0 0 0 0 0 0 0 0 0 0 0 0 0 0 0 0 0 0 0 0 0 0 0 0 0 0 0 0 0 0 0 0 0 0 
0 64 0 0 0 0 0 0 0 0 0 0 0 0 0 0 0 0 0 0 0 0 0 0 0 0 0 0 0 0 0 0 0 0 0 0 0 0 0 0 0 0 0 0 0 0 0 0 0 0 0 0 0 0 0 0 0 0 0 0 0 0 0 64 0 
0 0 128.897 0 0 0 0 0 0 0 0 0 0 0 0 0 0 0 0 0 0 0 0 0 0 0 0 0 0 0 0 0 0 0 0 0 0 0 0 0 0 0 0 0 0 0 0 0 0 0 0 0 0 0 0 0 0 0 0 0 0 0 129.739 0 0 
0 0 1887.1 381.27 64.8996 0 0 0 0 0 0 0 0 0 0 0 0 0 0 0 0 0 0 0 0 0 0 0 0 0 0 0 0 0 0 0 0 0 0 0 0 0 0 0 0 0 0 0 0 0 0 0 0 0 0 0 0 0 0 0 64.017 386.623 1886.26 0 0 
0 0 0 7145.74 1134.72 508.017 127.662 0 0 0 0 0 0 0 0 0 0 0 0 0 0 0 0 0 0 0 0 0 0 0 0 0 0 0 0 0 0 0 0 0 0 0 0 0 0 0 0 0 0 0 0 0 0 0 0 0 0 0 130.037 510.108 1146.54 7119.93 0 0 0 
0 0 0 34137 27338 6874.52 2513.88 1394.32 378.217 64.9285 0 0 0 0 0 0 0 0 0 0 0 0 0 0 0 0 0 0 0 0 0 0 0 0 0 0 0 0 0 0 0 0 0 0 0 0 0 0 0 0 0 0 0 0 0 63.7591 380.654 1389.94 2558.75 6813.32 27321.5 34157.4 0 0 0 
0 0 0 0 183895 96810.1 42736.9 16748 8538.38 4534.82 1918.75 517.049 129.276 0 0 0 0 0 0 0 0 0 0 0 0 0 0 0 0 0 0 0 0 0 0 0 0 0 0 0 0 0 0 0 0 0 0 0 0 0 0 0 130.428 517.06 1913.14 4585.25 8549.89 17081.8 42978.4 97093.5 181234 0 0 0 0 
0 0 0 0 422944 830403 415383 221962 121163 58858.8 33553.3 19781.6 9639.19 4299.43 1396.36 381.458 81.7505 0 0 0 0 0 0 0 16.0048 0 0 0 0 0 0 0 16.1051 0 0 0 0 0 0 0 16.2772 0 0 0 0 0 0 0 77.9737 383.597 1420.86 4369.49 9738.37 19771.5 33218.9 58892.8 120592 223243 416579 824477 425610 0 0 0 0 
0 0 0 0 0 2.86213e+06 3.30736e+06 1.96919e+06 1.14899e+06 712171 424555 249708 152815 93672.3 55239.3 29298.4 13786.9 5795.44 2131.24 751.911 378.809 253.74 254.37 250.968 0 255.877 252.939 253.833 254.638 256.655 256.945 255.531 0 261.074 262.903 263.674 258.089 260.103 263.662 262.126 0 258.117 260.844 258.931 391.405 790.899 2171.93 5890.54 13848.3 29783.9 55938.3 93907.9 154770 250905 426202 722415 1.15311e+06 1.99828e+06 3.32397e+06 2.82893e+06 0 0 0 0 0 
0 0 0 0 0 3.82779e+06 1.47548e+07 1.34931e+07 9.39568e+06 6.07238e+06 4.01332e+06 2.69774e+06 1.79595e+06 1.15918e+06 770680 505045 326217 203071 119818 68358.5 37356.8 21586.4 13646.3 10751.5 11536 9691.37 9449.29 9308.17 9430.95 9354.94 9528.72 9521.66 11375.9 9466.96 9524.79 9316.2 9466.27 9241.63 9330.95 9714.78 11742 10993.2 14012.5 21562.3 36944.2 68451.9 120634 204651 329787 510680 783740 1.18137e+06 1.79637e+06 2.69212e+06 4.03433e+06 6.13018e+06 9.35996e+06 1.34835e+07 1.45771e+07 3.86669e+06 0 0 0 0 0 
0 0 0 0 0 0 3.03448e+07 6.3828e+07 5.69951e+07 4.31896e+07 3.16554e+07 2.22896e+07 1.58792e+07 1.14576e+07 8.12128e+06 5.83028e+06 4.14587e+06 2.91715e+06 2.0805e+06 1.46458e+06 1.01763e+06 708308 500250 368890 284878 249347 231848 223157 218098 219286 218438 216033 207623 214531 216668 220534 221131 224069 232301 249257 283667 374131 508462 715595 1.0342e+06 1.46866e+06 2.10631e+06 2.96589e+06 4.19187e+06 5.87017e+06 8.18714e+06 1.14679e+07 1.60213e+07 2.25539e+07 3.16323e+07 4.31823e+07 5.77315e+07 6.38279e+07 3.0341e+07 0 0 0 0 0 0 
0 0 0 0 0 0 2.61066e+07 1.69935e+08 2.63328e+08 2.44075e+08 1.98804e+08 1.57484e+08 1.20028e+08 9.06543e+07 6.84332e+07 5.2267e+07 4.01727e+07 3.05096e+07 2.32888e+07 1.77436e+07 1.35401e+07 1.06652e+07 8.30464e+06 6.67671e+06 5.47559e+06 4.68282e+06 4.05326e+06 3.63532e+06 3.45014e+06 3.30493e+06 3.25487e+06 3.23392e+06 3.23479e+06 3.22196e+06 3.24557e+06 3.27941e+06 3.46121e+06 3.6924e+06 4.04483e+06 4.65713e+06 5.50532e+06 6.69683e+06 8.4381e+06 1.06382e+07 1.37688e+07 1.78162e+07 2.34856e+07 3.08862e+07 4.03056e+07 5.24975e+07 6.88498e+07 9.13985e+07 1.20249e+08 1.57641e+08 2.00848e+08 2.47885e+08 2.64469e+08 1.69294e+08 2.627e+07 0 0 0 0 0 0 
0 0 0 0 0 0 0 2.31982e+08 7.81208e+08 1.06216e+09 1.04583e+09 9.04717e+08 7.51087e+08 6.07814e+08 4.91417e+08 3.95114e+08 3.1901e+08 2.54611e+08 2.04846e+08 1.66797e+08 1.35556e+08 1.10551e+08 9.14957e+07 7.62499e+07 6.52202e+07 5.70085e+07 5.06299e+07 4.58053e+07 4.26627e+07 4.05848e+07 3.87336e+07 3.78701e+07 3.74348e+07 3.81531e+07 3.841e+07 4.01333e+07 4.28923e+07 4.60452e+07 5.02847e+07 5.71145e+07 6.56408e+07 7.68274e+07 9.12962e+07 1.11774e+08 1.36305e+08 1.67007e+08 2.05443e+08 2.54633e+08 3.16042e+08 3.93545e+08 4.87033e+08 6.09879e+08 7.54337e+08 9.1167e+08 1.04823e+09 1.07362e+09 7.84695e+08 2.32952e+08 0 0 0 0 0 0 0 
0 0 0 0 0 0 0 1.39769e+08 1.3822e+09 3.28482e+09 4.28308e+09 4.36428e+09 3.97773e+09 3.48948e+09 2.99801e+09 2.52843e+09 2.11934e+09 1.77804e+09 1.50384e+09 1.27722e+09 1.07135e+09 9.14365e+08 7.85395e+08 6.79336e+08 5.96721e+08 5.33195e+08 4.82477e+08 4.44683e+08 4.15391e+08 3.94946e+08 3.80587e+08 3.7105e+08 3.67222e+08 3.72031e+08 3.75163e+08 3.91313e+08 4.16194e+08 4.45119e+08 4.83689e+08 5.31537e+08 6.01512e+08 6.82718e+08 7.90315e+08 9.16368e+08 1.07253e+09 1.26802e+09 1.51035e+09 1.78776e+09 2.10431e+09 2.48703e+09 2.95971e+09 3.48845e+09 4.01641e+09 4.39409e+09 4.31751e+09 3.30141e+09 1.38837e+09 1.3942e+08 0 0 0 0 0 0 0 
0 0 0 0 0 0 0 0 1.34281e+09 6.66712e+09 1.30886e+10 1.68217e+10 1.77215e+10 1.69951e+10 1.5686e+10 1.41133e+10 1.24068e+10 1.08863e+10 9.51558e+09 8.35055e+09 7.31583e+09 6.45598e+09 5.6754e+09 5.07144e+09 4.60158e+09 4.13586e+09 3.82714e+09 3.57178e+09 3.38329e+09 3.20094e+09 3.09392e+09 3.02693e+09 3.02082e+09 3.0348e+09 3.1012e+09 3.19789e+09 3.36333e+09 3.57017e+09 3.83389e+09 4.14413e+09 4.58315e+09 5.07317e+09 5.69837e+09 6.45039e+09 7.34194e+09 8.35641e+09 9.46987e+09 1.08508e+10 1.23988e+10 1.39863e+10 1.56963e+10 1.71375e+10 1.77361e+10 1.68262e+10 1.30899e+10 6.69287e+09 1.33568e+09 0 0 0 0 0 0 0 0 
0 0 0 0 0 0 0 0 5.88944e+08 8.3145e+09 2.82944e+10 5.01217e+10 6.4182e+10 7.08054e+10 7.03484e+10 6.75383e+10 6.29449e+10 5.78377e+10 5.29001e+10 4.8181e+10 4.35826e+10 3.93541e+10 3.55805e+10 3.25732e+10 3.00942e+10 2.76959e+10 2.59812e+10 2.44431e+10 2.33224e+10 2.2473e+10 2.18113e+10 2.14513e+10 2.13261e+10 2.13367e+10 2.19144e+10 2.25596e+10 2.3418e+10 2.4679e+10 2.62038e+10 2.80703e+10 3.02374e+10 3.28945e+10 3.58749e+10 3.94309e+10 4.33763e+10 4.7727e+10 5.25599e+10 5.80168e+10 6.30577e+10 6.72527e+10 7.04678e+10 7.05095e+10 6.4985e+10 5.02911e+10 2.84166e+10 8.30439e+09 5.84577e+08 0 0 0 0 0 0 0 0 
0 0 0 0 0 0 0 0 0 5.9614e+09 4.0814e+10 1.10857e+11 1.86774e+11 2.39303e+11 2.72173e+11 2.81701e+11 2.81463e+11 2.71186e+11 2.59917e+11 2.4666e+11 2.28839e+11 2.13103e+11 1.99078e+11 1.85661e+11 1.74287e+11 1.64153e+11 1.55454e+11 1.4763e+11 1.42901e+11 1.38952e+11 1.35457e+11 1.33771e+11 1.33638e+11 1.34095e+11 1.35848e+11 1.39022e+11 1.44459e+11 1.4994e+11 1.57092e+11 1.65912e+11 1.75818e+11 1.88062e+11 1.99003e+11 2.12473e+11 2.26405e+11 2.44835e+11 2.59283e+11 2.73025e+11 2.79964e+11 2.81474e+11 2.70006e+11 2.42377e+11 1.87082e+11 1.11532e+11 4.07916e+10 5.90727e+09 0 0 0 0 0 0 0 0 0 
0 0 0 0 0 0 0 0 0 1.95648e+09 3.78028e+10 1.74952e+11 4.09927e+11 6.64237e+11 8.70161e+11 1.01344e+12 1.09159e+12 1.12045e+12 1.11686e+12 1.10197e+12 1.06712e+12 1.02954e+12 9.87592e+11 9.43001e+11 9.02728e+11 8.68245e+11 8.32865e+11 8.01697e+11 7.81065e+11 7.63688e+11 7.53556e+11 7.44869e+11 7.43118e+11 7.47951e+11 7.55905e+11 7.71534e+11 7.88587e+11 8.09683e+11 8.41284e+11 8.71425e+11 9.02484e+11 9.48278e+11 9.83858e+11 1.02582e+12 1.06696e+12 1.10059e+12 1.12539e+12 1.11713e+12 1.08935e+12 1.01084e+12 8.74926e+11 6.65911e+11 4.11923e+11 1.74873e+11 3.7786e+10 1.96304e+09 0 0 0 0 0 0 0 0 0 
0 0 0 0 0 0 0 0 0 0 2.06226e+10 1.85572e+11 6.74328e+11 1.44523e+12 2.29814e+12 3.04366e+12 3.6284e+12 4.02728e+12 4.27195e+12 4.3943e+12 4.44735e+12 4.45692e+12 4.37998e+12 4.29364e+12 4.20117e+12 4.0767e+12 3.99569e+12 3.91715e+12 3.83726e+12 3.78406e+12 3.75157e+12 3.71729e+12 3.7052e+12 3.71996e+12 3.75432e+12 3.80043e+12 3.86249e+12 3.93866e+12 4.02731e+12 4.10333e+12 4.22559e+12 4.30931e+12 4.3847e+12 4.46104e+12 4.45176e+12 4.43905e+12 4.30789e+12 4.06714e+12 3.64364e+12 3.04679e+12 2.28876e+12 1.44526e+12 6.70071e+11 1.85711e+11 2.04866e+10 0 0 0 0 0 0 0 0 0 0 
0 0 0 0 0 0 0 0 0 0 5.28695e+09 1.3167e+11 7.83759e+11 2.38093e+12 4.83429e+12 7.60801e+12 1.02237e+13 1.24527e+13 1.41702e+13 1.55283e+13 1.64642e+13 1.70163e+13 1.73438e+13 1.74454e+13 1.74804e+13 1.73647e+13 1.72789e+13 1.71829e+13 1.69982e+13 1.69145e+13 1.68381e+13 1.6777e+13 1.66919e+13 1.67627e+13 1.68861e+13 1.69791e+13 1.7058e+13 1.72156e+13 1.74052e+13 1.74319e+13 1.74783e+13 1.75361e+13 1.74051e+13 1.7031e+13 1.65369e+13 1.56733e+13 1.42773e+13 1.25523e+13 1.02626e+13 7.57e+12 4.84565e+12 2.39152e+12 7.89211e+11 1.31282e+11 5.29993e+09 0 0 0 0 0 0 0 0 0 0 
0 0 0 0 0 0 0 0 0 0 0 5.65999e+10 6.43342e+11 2.94195e+12 7.94295e+12 1.54809e+13 2.42225e+13 3.30899e+13 4.1223e+13 4.83407e+13 5.37896e+13 5.80837e+13 6.11452e+13 6.38281e+13 6.56924e+13 6.69572e+13 6.72666e+13 6.73883e+13 6.81272e+13 6.81699e+13 6.80193e+13 6.83692e+13 6.82243e+13 6.8249e+13 6.78187e+13 6.82465e+13 6.81183e+13 6.78753e+13 6.75306e+13 6.69048e+13 6.57196e+13 6.37938e+13 6.1633e+13 5.82972e+13 5.37503e+13 4.81674e+13 4.12031e+13 3.30409e+13 2.41881e+13 1.55269e+13 7.98183e+12 2.9489e+12 6.40399e+11 5.6063e+10 0 0 0 0 0 0 0 0 0 0 0 
0 0 0 0 0 0 0 0 0 0 0 1.15496e+10 3.56461e+11 2.64965e+12 1.00571e+13 2.48155e+13 4.7163e+13 7.36125e+13 1.015e+14 1.28643e+14 1.53825e+14 1.74029e+14 1.92145e+14 2.07422e+14 2.20859e+14 2.30522e+14 2.36962e+14 2.41828e+14 2.4618e+14 2.48587e+14 2.50817e+14 2.51025e+14 2.5198e+14 2.51539e+14 2.50109e+14 2.46964e+14 2.455e+14 2.42617e+14 2.36173e+14 2.29817e+14 2.20419e+14 2.07932e+14 1.9342e+14 1.75597e+14 1.54275e+14 1.29285e+14 1.01891e+14 7.36878e+13 4.70426e+13 2.4916e+13 1.0088e+13 2.64936e+12 3.54898e+11 1.15291e+10 0 0 0 0 0 0 0 0 0 0 0 
0 0 0 0 0 0 0 0 0 0 0 0 1.22343e+11 1.71759e+12 9.53693e+12 3.16233e+13 7.3828e+13 1.36153e+14 2.13413e+14 2.97479e+14 3.83733e+14 4.63662e+14 5.36391e+14 6.01892e+14 6.6152e+14 7.09799e+14 7.45247e+14 7.76685e+14 8.01487e+14 8.16872e+14 8.30343e+14 8.38273e+14 8.42785e+14 8.41464e+14 8.34995e+14 8.23993e+14 8.03595e+14 7.82522e+14 7.49088e+14 7.09624e+14 6.61933e+14 6.04897e+14 5.39753e+14 4.65884e+14 3.83394e+14 2.97557e+14 2.1326e+14 1.35978e+14 7.37966e+13 3.17725e+13 9.54362e+12 1.70568e+12 1.22412e+11 0 0 0 0 0 0 0 0 0 0 0 0 
0 0 0 0 0 0 0 0 0 0 0 0 2.051e+10 7.61277e+11 6.8029e+12 3.09961e+13 9.22397e+13 2.05411e+14 3.72933e+14 5.84729e+14 8.21773e+14 1.07442e+15 1.31648e+15 1.54227e+15 1.75516e+15 1.94911e+15 2.11441e+15 2.24398e+15 2.34808e+15 2.42893e+15 2.49184e+15 2.53284e+15 2.54299e+15 2.52547e+15 2.50592e+15 2.44285e+15 2.36099e+15 2.24952e+15 2.11814e+15 1.95017e+15 1.76236e+15 1.55527e+15 1.31979e+15 1.06862e+15 8.2415e+14 5.81676e+14 3.70959e+14 2.05885e+14 9.27246e+13 3.09515e+13 6.76207e+12 7.52977e+11 2.05884e+10 0 0 0 0 0 0 0 0 0 0 0 0 
0 0 0 0 0 0 0 0 0 0 0 0 0 2.14726e+11 3.52818e+12 2.34019e+13 9.11575e+13 2.53004e+14 5.37948e+14 9.61547e+14 1.50527e+15 2.13269e+15 2.80225e+15 3.49137e+15 4.1421e+15 4.74461e+15 5.31576e+15 5.76334e+15 6.17218e+15 6.4923e+15 6.7145e+15 6.83878e+15 6.8725e+15 6.85397e+15 6.70031e+15 6.49596e+15 6.1979e+15 5.77762e+15 5.30866e+15 4.78353e+15 4.16394e+15 3.49519e+15 2.81024e+15 2.13342e+15 1.50086e+15 9.56369e+14 5.38918e+14 2.5094e+14 9.12923e+13 2.33705e+13 3.50171e+12 2.12994e+11 0 0 0 0 0 0 0 0 0 0 0 0 0 
0 0 0 0 0 0 0 0 0 0 0 0 0 2.99641e+10 1.28619e+12 1.33444e+13 7.13467e+13 2.46776e+14 6.37661e+14 1.32306e+15 2.33538e+15 3.63925e+15 5.16973e+15 6.84806e+15 8.57237e+15 1.02635e+16 1.18144e+16 1.33246e+16 1.45298e+16 1.5495e+16 1.62088e+16 1.65736e+16 1.67295e+16 1.6582e+16 1.61297e+16 1.53859e+16 1.44613e+16 1.32779e+16 1.18731e+16 1.02869e+16 8.59229e+15 6.84928e+15 5.18609e+15 3.64167e+15 2.324e+15 1.3205e+15 6.35997e+14 2.48539e+14 7.14625e+13 1.32648e+13 1.27436e+12 3.00298e+10 0 0 0 0 0 0 0 0 0 0 0 0 0 
0 0 0 0 0 0 0 0 0 0 0 0 0 0 3.01331e+11 5.71347e+12 4.33291e+13 1.95113e+14 6.17966e+14 1.51089e+15 3.03879e+15 5.28907e+15 8.2309e+15 1.16585e+16 1.54325e+16 1.94867e+16 2.33513e+16 2.69238e+16 3.0072e+16 3.27391e+16 3.47694e+16 3.5906e+16 3.61307e+16 3.58075e+16 3.47394e+16 3.27362e+16 3.00284e+16 2.70116e+16 2.33038e+16 1.94526e+16 1.5527e+16 1.16712e+16 8.20975e+15 5.27792e+15 3.02615e+15 1.51389e+15 6.21999e+14 1.95875e+14 4.31493e+13 5.62536e+12 2.99206e+11 0 0 0 0 0 0 0 0 0 0 0 0 0 0 
0 0 0 0 0 0 0 0 0 0 0 0 0 0 3.57275e+10 1.73321e+12 2.04627e+13 1.23191e+14 4.86289e+14 1.41912e+15 3.30423e+15 6.48746e+15 1.11203e+16 1.70723e+16 2.42275e+16 3.20795e+16 4.01889e+16 4.7877e+16 5.52249e+16 6.13862e+16 6.58704e+16 6.89159e+16 6.97825e+16 6.84605e+16 6.57572e+16 6.12909e+16 5.51329e+16 4.8116e+16 4.02943e+16 3.21804e+16 2.42682e+16 1.71091e+16 1.10786e+16 6.45387e+15 3.32432e+15 1.42474e+15 4.88606e+14 1.22816e+14 2.01361e+13 1.72135e+12 3.58482e+10 0 0 0 0 0 0 0 0 0 0 0 0 0 0 
0 0 0 0 0 0 0 0 0 0 0 0 0 0 0 3.43504e+11 7.25793e+12 6.16158e+13 3.12923e+14 1.10208e+15 2.99698e+15 6.6987e+15 1.27399e+16 2.15024e+16 3.275e+16 4.59015e+16 6.03442e+16 7.49932e+16 8.87527e+16 1.00982e+17 1.10538e+17 1.16081e+17 1.18018e+17 1.1603e+17 1.10008e+17 1.01201e+17 8.9319e+16 7.52712e+16 6.07192e+16 4.61033e+16 3.27814e+16 2.15568e+16 1.27833e+16 6.73e+15 3.01465e+15 1.10881e+15 3.1229e+14 6.14166e+13 7.17438e+12 3.41623e+11 0 0 0 0 0 0 0 0 0 0 0 0 0 0 0 
0 0 0 0 0 0 0 0 0 0 0 0 0 0 0 3.53916e+10 1.86634e+12 2.42907e+13 1.62622e+14 7.098e+14 2.28386e+15 5.81164e+15 1.24409e+16 2.30121e+16 3.79864e+16 5.69765e+16 7.90587e+16 1.02457e+17 1.25268e+17 1.45377e+17 1.6127e+17 1.71912e+17 1.7527e+17 1.72031e+17 1.61971e+17 1.45849e+17 1.25226e+17 1.0232e+17 7.89242e+16 5.70859e+16 3.80588e+16 2.30997e+16 1.24535e+16 5.84419e+15 2.28028e+15 7.07198e+14 1.60217e+14 2.39901e+13 1.85959e+12 3.53433e+10 0 0 0 0 0 0 0 0 0 0 0 0 0 0 0 
0 0 0 0 0 0 0 0 0 0 0 0 0 0 0 0 3.21239e+11 7.28377e+12 6.76276e+13 3.72165e+14 1.44399e+15 4.27612e+15 1.03168e+16 2.12194e+16 3.79574e+16 6.09166e+16 8.94262e+16 1.21519e+17 1.53939e+17 1.83643e+17 2.07516e+17 2.23174e+17 2.29456e+17 2.23607e+17 2.07982e+17 1.8429e+17 1.54267e+17 1.21493e+17 8.97602e+16 6.11756e+16 3.80336e+16 2.11439e+16 1.03559e+16 4.28146e+15 1.44804e+15 3.72498e+14 6.70493e+13 7.24249e+12 3.18426e+11 0 0 0 0 0 0 0 0 0 0 0 0 0 0 0 0 
0 0 0 0 0 0 0 0 0 0 0 0 0 0 0 0 2.92481e+10 1.62405e+12 2.25392e+13 1.62663e+14 7.64975e+14 2.64992e+15 7.28056e+15 1.65821e+16 3.2576e+16 5.63437e+16 8.7432e+16 1.25337e+17 1.64592e+17 2.02271e+17 2.32964e+17 2.54057e+17 2.61279e+17 2.54099e+17 2.33715e+17 2.02143e+17 1.64645e+17 1.2486e+17 8.77173e+16 5.62831e+16 3.25085e+16 1.65924e+16 7.26686e+15 2.64239e+15 7.57999e+14 1.60322e+14 2.21873e+13 1.61663e+12 2.89503e+10 0 0 0 0 0 0 0 0 0 0 0 0 0 0 0 0 
0 0 0 0 0 0 0 0 0 0 0 0 0 0 0 0 0 2.43215e+11 5.86354e+12 5.71798e+13 3.37903e+14 1.38521e+15 4.37087e+15 1.11468e+16 2.39695e+16 4.48094e+16 7.4749e+16 1.11477e+17 1.53093e+17 1.93914e+17 2.29138e+17 2.51826e+17 2.59962e+17 2.52423e+17 2.29111e+17 1.94307e+17 1.52829e+17 1.11999e+17 7.43923e+16 4.46933e+16 2.38867e+16 1.11011e+16 4.35056e+15 1.38143e+15 3.34301e+14 5.67498e+13 5.78752e+12 2.42659e+11 0 0 0 0 0 0 0 0 0 0 0 0 0 0 0 0 0 
0 0 0 0 0 0 0 0 0 0 0 0 0 0 0 0 0 1.99577e+10 1.13359e+12 1.63967e+13 1.23708e+14 6.16608e+14 2.22881e+15 6.426e+15 1.52703e+16 3.09274e+16 5.48689e+16 8.68021e+16 1.24656e+17 1.62761e+17 1.95983e+17 2.18943e+17 2.27136e+17 2.18806e+17 1.95746e+17 1.62292e+17 1.24567e+17 8.67761e+16 5.47678e+16 3.08151e+16 1.51999e+16 6.39519e+15 2.21946e+15 6.06998e+14 1.22624e+14 1.61907e+13 1.12649e+12 1.99711e+10 0 0 0 0 0 0 0 0 0 0 0 0 0 0 0 0 0 
0 0 0 0 0 0 0 0 0 0 0 0 0 0 0 0 0 0 1.51951e+11 3.7192e+12 3.7633e+13 2.30707e+14 9.83815e+14 3.19748e+15 8.4104e+15 1.86432e+16 3.52689e+16 5.89572e+16 8.81454e+16 1.19879e+17 1.47872e+17 1.67255e+17 1.74105e+17 1.6738e+17 1.4771e+17 1.19619e+17 8.84581e+16 5.90145e+16 3.50926e+16 1.84518e+16 8.35307e+15 3.15955e+15 9.72097e+14 2.27509e+14 3.70427e+13 3.68787e+12 1.51328e+11 0 0 0 0 0 0 0 0 0 0 0 0 0 0 0 0 0 0 
0 0 0 0 0 0 0 0 0 0 0 0 0 0 0 0 0 0 1.15936e+10 6.39797e+11 9.39811e+12 7.30576e+13 3.71319e+14 1.38164e+15 4.03579e+15 9.76523e+15 1.99335e+16 3.52591e+16 5.53552e+16 7.74281e+16 9.7967e+16 1.12286e+17 1.17669e+17 1.12244e+17 9.7755e+16 7.72397e+16 5.497e+16 3.497e+16 1.97234e+16 9.62654e+15 3.98702e+15 1.35896e+15 3.63646e+14 7.15854e+13 9.34656e+12 6.40588e+11 1.15151e+10 0 0 0 0 0 0 0 0 0 0 0 0 0 0 0 0 0 0 
0 0 0 0 0 0 0 0 0 0 0 0 0 0 0 0 0 0 0 7.75438e+10 1.8981e+12 1.94199e+13 1.19462e+14 5.14744e+14 1.69113e+15 4.45e+15 9.80738e+15 1.84971e+16 3.03512e+16 4.4068e+16 5.73578e+16 6.67591e+16 6.99699e+16 6.64353e+16 5.69623e+16 4.37595e+16 3.0205e+16 1.83434e+16 9.77072e+15 4.42107e+15 1.66886e+15 5.08644e+14 1.17613e+14 1.91756e+13 1.88214e+12 7.77344e+10 0 0 0 0 0 0 0 0 0 0 0 0 0 0 0 0 0 0 0 
0 0 0 0 0 0 0 0 0 0 0 0 0 0 0 0 0 0 0 5.68024e+09 2.96226e+11 4.28517e+12 3.30166e+13 1.68307e+14 6.24325e+14 1.81566e+15 4.30251e+15 8.55759e+15 1.48546e+16 2.23645e+16 2.96257e+16 3.51484e+16 3.7034e+16 3.50223e+16 2.95974e+16 2.22799e+16 1.47616e+16 8.57839e+15 4.26007e+15 1.78325e+15 6.13671e+14 1.64696e+14 3.26045e+13 4.289e+12 2.95935e+11 5.60741e+09 0 0 0 0 0 0 0 0 0 0 0 0 0 0 0 0 0 0 0 
0 0 0 0 0 0 0 0 0 0 0 0 0 0 0 0 0 0 0 0 3.30822e+10 7.81642e+11 7.79156e+12 4.73476e+13 2.01417e+14 6.50512e+14 1.67929e+15 3.58601e+15 6.45964e+15 1.01084e+16 1.38177e+16 1.66133e+16 1.76246e+16 1.65526e+16 1.37797e+16 1.00495e+16 6.42333e+15 3.54137e+15 1.64477e+15 6.37229e+14 1.98685e+14 4.64929e+13 7.74648e+12 7.75883e+11 3.32952e+10 0 0 0 0 0 0 0 0 0 0 0 0 0 0 0 0 0 0 0 0 
0 0 0 0 0 0 0 0 0 0 0 0 0 0 0 0 0 0 0 0 2.41056e+09 1.13202e+11 1.55672e+12 1.16338e+13 5.76295e+13 2.07578e+14 5.81951e+14 1.32908e+15 2.53153e+15 4.11412e+15 5.77717e+15 7.03132e+15 7.51273e+15 7.02156e+15 5.72522e+15 4.07018e+15 2.50022e+15 1.30486e+15 5.67626e+14 2.03467e+14 5.60585e+13 1.14527e+13 1.55794e+12 1.12815e+11 2.38499e+09 0 0 0 0 0 0 0 0 0 0 0 0 0 0 0 0 0 0 0 0 
0 0 0 0 0 0 0 0 0 0 0 0 0 0 0 0 0 0 0 0 0 1.19174e+10 2.58741e+11 2.48014e+12 1.43849e+13 5.88934e+13 1.81137e+14 4.4232e+14 8.89323e+14 1.50151e+15 2.16557e+15 2.69839e+15 2.87375e+15 2.67472e+15 2.1556e+15 1.49585e+15 8.8424e+14 4.3788e+14 1.78021e+14 5.76051e+13 1.42213e+13 2.45101e+12 2.59087e+11 1.18878e+10 0 0 0 0 0 0 0 0 0 0 0 0 0 0 0 0 0 0 0 0 0 
0 0 0 0 0 0 0 0 0 0 0 0 0 0 0 0 0 0 0 0 0 9.22787e+08 3.56078e+10 4.547e+11 3.21556e+12 1.49301e+13 5.08089e+13 1.34228e+14 2.85997e+14 5.00494e+14 7.44688e+14 9.38433e+14 1.01474e+15 9.3405e+14 7.39139e+14 4.99078e+14 2.82543e+14 1.31601e+14 5.00039e+13 1.47275e+13 3.15843e+12 4.53886e+11 3.54566e+10 9.14669e+08 0 0 0 0 0 0 0 0 0 0 0 0 0 0 0 0 0 0 0 0 0 
0 0 0 0 0 0 0 0 0 0 0 0 0 0 0 0 0 0 0 0 0 0 3.65713e+09 7.09039e+10 6.25404e+11 3.38273e+12 1.28524e+13 3.67485e+13 8.31179e+13 1.53091e+14 2.34819e+14 3.00598e+14 3.26126e+14 2.98862e+14 2.32639e+14 1.53054e+14 8.27401e+13 3.64746e+13 1.27596e+13 3.34472e+12 6.20516e+11 7.07949e+10 3.62898e+09 0 0 0 0 0 0 0 0 0 0 0 0 0 0 0 0 0 0 0 0 0 0 
0 0 0 0 0 0 0 0 0 0 0 0 0 0 0 0 0 0 0 0 0 0 3.21744e+08 9.48565e+09 1.08004e+11 6.9394e+11 2.95398e+12 9.21338e+12 2.23245e+13 4.31443e+13 6.76968e+13 8.79273e+13 9.59163e+13 8.79753e+13 6.71761e+13 4.25932e+13 2.20574e+13 9.13521e+12 2.89567e+12 6.83756e+11 1.06918e+11 9.41521e+09 3.21472e+08 0 0 0 0 0 0 0 0 0 0 0 0 0 0 0 0 0 0 0 0 0 0 
0 0 0 0 0 0 0 0 0 0 0 0 0 0 0 0 0 0 0 0 0 0 0 9.62948e+08 1.63063e+10 1.269e+11 6.1961e+11 2.12697e+12 5.47073e+12 1.11031e+13 1.81171e+13 2.4036e+13 2.64174e+13 2.4064e+13 1.79454e+13 1.09708e+13 5.42593e+12 2.09068e+12 6.12344e+11 1.25715e+11 1.61561e+10 9.60678e+08 0 0 0 0 0 0 0 0 0 0 0 0 0 0 0 0 0 0 0 0 0 0 0 
0 0 0 0 0 0 0 0 0 0 0 0 0 0 0 0 0 0 0 0 0 0 0 1.04758e+08 2.19769e+09 2.11788e+10 1.18261e+11 4.50133e+11 1.25009e+12 2.65388e+12 4.49623e+12 6.0899e+12 6.73565e+12 6.07765e+12 4.48814e+12 2.65833e+12 1.23712e+12 4.4657e+11 1.17332e+11 2.08011e+10 2.17314e+09 1.05253e+08 0 0 0 0 0 0 0 0 0 0 0 0 0 0 0 0 0 0 0 0 0 0 0 
0 0 0 0 0 0 0 0 0 0 0 0 0 0 0 0 0 0 0 0 0 0 0 0 2.27199e+08 3.17714e+09 2.11308e+10 8.87433e+10 2.6746e+11 6.01003e+11 1.04799e+12 1.45654e+12 1.62143e+12 1.45169e+12 1.04256e+12 5.95144e+11 2.63615e+11 8.80565e+10 2.0787e+10 3.14235e+09 2.22802e+08 0 0 0 0 0 0 0 0 0 0 0 0 0 0 0 0 0 0 0 0 0 0 0 0 
0 0 0 0 0 0 0 0 0 0 0 0 0 0 0 0 0 0 0 0 0 0 0 0 3.16023e+07 4.48777e+08 3.43648e+09 1.65162e+10 5.39018e+10 1.27886e+11 2.3184e+11 3.26859e+11 3.67511e+11 3.24484e+11 2.28819e+11 1.25951e+11 5.27297e+10 1.62633e+10 3.3887e+09 4.42069e+08 3.16335e+07 0 0 0 0 0 0 0 0 0 0 0 0 0 0 0 0 0 0 0 0 0 0 0 0 
0 0 0 0 0 0 0 0 0 0 0 0 0 0 0 0 0 0 0 0 0 0 0 0 0 4.59512e+07 5.37494e+08 2.90315e+09 1.02693e+10 2.59507e+10 4.86791e+10 7.055e+10 7.96584e+10 6.96727e+10 4.81602e+10 2.55067e+10 1.00763e+10 2.86508e+09 5.31663e+08 4.50789e+07 0 0 0 0 0 0 0 0 0 0 0 0 0 0 0 0 0 0 0 0 0 0 0 0 0 
0 0 0 0 0 0 0 0 0 0 0 0 0 0 0 0 0 0 0 0 0 0 0 0 0 8.57837e+06 8.11952e+07 4.745e+08 1.88548e+09 5.04603e+09 9.93928e+09 1.46394e+10 1.66106e+10 1.45913e+10 9.83087e+09 4.99888e+09 1.87204e+09 4.71789e+08 8.04654e+07 8.64864e+06 0 0 0 0 0 0 0 0 0 0 0 0 0 0 0 0 0 0 0 0 0 0 0 0 0 
0 0 0 0 0 0 0 0 0 0 0 0 0 0 0 0 0 0 0 0 0 0 0 0 0 0 7.80104e+06 8.10349e+07 3.38029e+08 9.47983e+08 1.96554e+09 2.9597e+09 3.43255e+09 2.96255e+09 1.96481e+09 9.45423e+08 3.34667e+08 8.00006e+07 7.6937e+06 0 0 0 0 0 0 0 0 0 0 0 0 0 0 0 0 0 0 0 0 0 0 0 0 0 0 
0 0 0 0 0 0 0 0 0 0 0 0 0 0 0 0 0 0 0 0 0 0 0 0 0 0 2.06102e+06 1.29418e+07 5.6512e+07 1.84001e+08 3.80095e+08 5.98506e+08 6.84316e+08 6.02806e+08 3.80814e+08 1.83798e+08 5.57749e+07 1.27545e+07 2.06873e+06 0 0 0 0 0 0 0 0 0 0 0 0 0 0 0 0 0 0 0 0 0 0 0 0 0 0 
0 0 0 0 0 0 0 0 0 0 0 0 0 0 0 0 0 0 0 0 0 0 0 0 0 0 0 1.08648e+06 1.0937e+07 3.26428e+07 7.26939e+07 1.1937e+08 1.3571e+08 1.19713e+08 7.39504e+07 3.26362e+07 1.0764e+07 1.07767e+06 0 0 0 0 0 0 0 0 0 0 0 0 0 0 0 0 0 0 0 0 0 0 0 0 0 0 0 
0 0 0 0 0 0 0 0 0 0 0 0 0 0 0 0 0 0 0 0 0 0 0 0 0 0 0 429339 1.69632e+06 5.58613e+06 1.50084e+07 2.19606e+07 2.84533e+07 2.22368e+07 1.51457e+07 5.52707e+06 1.70477e+06 428374 0 0 0 0 0 0 0 0 0 0 0 0 0 0 0 0 0 0 0 0 0 0 0 0 0 0 0 
0 0 0 0 0 0 0 0 0 0 0 0 0 0 0 0 0 0 0 0 0 0 0 0 0 0 0 0 113339 1.24698e+06 2.37526e+06 4.63273e+06 5.17442e+06 4.6971e+06 2.42316e+06 1.2463e+06 112022 0 0 0 0 0 0 0 0 0 0 0 0 0 0 0 0 0 0 0 0 0 0 0 0 0 0 0 0 
0 0 0 0 0 0 0 0 0 0 0 0 0 0 0 0 0 0 0 0 0 0 0 0 0 0 0 0 72746.7 170177 455619 946493 929827 961708 449939 169711 73240.5 0 0 0 0 0 0 0 0 0 0 0 0 0 0 0 0 0 0 0 0 0 0 0 0 0 0 0 0 
0 0 0 0 0 0 0 0 0 0 0 0 0 0 0 0 0 0 0 0 0 0 0 0 0 0 0 0 0 7605.65 115630 111049 237970 111056 116034 7624.56 0 0 0 0 0 0 0 0 0 0 0 0 0 0 0 0 0 0 0 0 0 0 0 0 0 0 0 0 0 
0 0 0 0 0 0 0 0 0 0 0 0 0 0 0 0 0 0 0 0 0 0 0 0 0 0 0 0 0 9870.06 11385.7 32229.5 36976.3 31984.1 11452.9 9893.71 0 0 0 0 0 0 0 0 0 0 0 0 0 0 0 0 0 0 0 0 0 0 0 0 0 0 0 0 0 
0 0 0 0 0 0 0 0 0 0 0 0 0 0 0 0 0 0 0 0 0 0 0 0 0 0 0 0 0 0 257.468 7580.09 1999.14 7595.99 255.542 0 0 0 0 0 0 0 0 0 0 0 0 0 0 0 0 0 0 0 0 0 0 0 0 0 0 0 0 0 0 
0 0 0 0 0 0 0 0 0 0 0 0 0 0 0 0 0 0 0 0 0 0 0 0 0 0 0 0 0 0 986.47 377.593 1899.24 381.118 983.939 0 0 0 0 0 0 0 0 0 0 0 0 0 0 0 0 0 0 0 0 0 0 0 0 0 0 0 0 0 0 
0 0 0 0 0 0 0 0 0 0 0 0 0 0 0 0 0 0 0 0 0 0 0 0 0 0 0 0 0 0 0 0 252.511 0 0 0 0 0 0 0 0 0 0 0 0 0 0 0 0 0 0 0 0 0 0 0 0 0 0 0 0 0 0 0 0 
0 0 0 0 0 0 0 0 0 0 0 0 0 0 0 0 0 0 0 0 0 0 0 0 0 0 0 0 0 0 0 63.4441 0 63.2844 0 0 0 0 0 0 0 0 0 0 0 0 0 0 0 0 0 0 0 0 0 0 0 0 0 0 0 0 0 0 0 
0 0 0 0 0 0 0 0 0 0 0 0 0 0 0 0 0 0 0 0 0 0 0 0 0 0 0 0 0 0 0 0 0 0 0 0 0 0 0 0 0 0 0 0 0 0 0 0 0 0 0 0 0 0 0 0 0 0 0 0 0 0 0 0 0 
0 0 0 0 0 0 0 0 0 0 0 0 0 0 0 0 0 0 0 0 0 0 0 0 0 0 0 0 0 0 0 0 1.98714 0 0 0 0 0 0 0 0 0 0 0 0 0 0 0 0 0 0 0 0 0 0 0 0 0 0 0 0 0 0 0 0 
