1 0 0 0 0 0 0 0 0 0 0 0 0 0 0 0 0 0 0 0 0 0 0 0 0 0 0 0 0 0 0 0 0 0 0 0 0 0 0 0 0 0 0 0 0 0 0 0 0 0 0 0 0 0 0 0 0 0 0 0 0 0 0 0 1 
0 0 0 0 0 0 0 0 0 0 0 0 0 0 0 0 0 0 0 0 0 0 0 0 0 0 0 0 0 0 0 0 0 0 0 0 0 0 0 0 0 0 0 0 0 0 0 0 0 0 0 0 0 0 0 0 0 0 0 0 0 0 0 0 0 
0 0 0 0 0 0 0 0 0 0 0 0 0 0 0 0 0 0 0 0 0 0 0 0 0 0 0 0 0 0 0 0 0 0 0 0 0 0 0 0 0 0 0 0 0 0 0 0 0 0 0 0 0 0 0 0 0 0 0 0 0 0 0 0 0 
0 64 0 0 0 0 0 0 0 0 0 0 0 0 0 0 0 0 0 0 0 0 0 0 0 0 0 0 0 0 0 0 0 0 0 0 0 0 0 0 0 0 0 0 0 0 0 0 0 0 0 0 0 0 0 0 0 0 0 0 0 0 0 64 0 
0 0 0 0 0 0 0 0 0 0 0 0 0 0 0 0 0 0 0 0 0 0 0 0 0 0 0 0 0 0 0 0 0 0 0 0 0 0 0 0 0 0 0 0 0 0 0 0 0 0 0 0 0 0 0 0 0 0 0 0 0 0 0 0 0 
0 0 188.75 0 0 0 0 0 0 0 0 0 0 0 0 0 0 0 0 0 0 0 0 0 0 0 0 0 0 0 0 0 0 0 0 0 0 0 0 0 0 0 0 0 0 0 0 0 0 0 0 0 0 0 0 0 0 0 0 0 0 0 193.737 0 0 
0 0 1827.25 0 0 0 0 0 0 0 0 0 0 0 0 0 0 0 0 0 0 0 0 0 0 0 0 0 0 0 0 0 0 0 0 0 0 0 0 0 0 0 0 0 0 0 0 0 0 0 0 0 0 0 0 0 0 0 0 0 0 0 1822.26 0 0 
0 0 0 952.764 0 0 0 0 0 0 0 0 0 0 0 0 0 0 0 0 0 0 0 0 0 0 0 0 0 0 0 0 0 0 0 0 0 0 0 0 0 0 0 0 0 0 0 0 0 0 0 0 0 0 0 0 0 0 0 0 0 979.357 0 0 0 
0 0 0 10063.5 232.721 0 0 0 0 0 0 0 0 0 0 0 0 0 0 0 0 0 0 0 0 0 0 0 0 0 0 0 0 0 0 0 0 0 0 0 0 0 0 0 0 0 0 0 0 0 0 0 0 0 0 0 0 0 0 0 255.416 10106 0 0 0 
0 0 0 30647.8 5389.31 0 0 0 0 0 0 0 0 0 0 0 0 0 0 0 0 0 0 0 0 0 0 0 0 0 0 0 0 0 0 0 0 0 0 0 0 0 0 0 0 0 0 0 0 0 0 0 0 0 0 0 0 0 0 0 5450.38 30578.7 0 0 0 
0 0 0 0 58437.7 3493.02 0 0 0 0 0 0 0 0 0 0 0 0 0 0 0 0 0 0 0 0 0 0 0 0 0 0 0 0 0 0 0 0 0 0 0 0 0 0 0 0 0 0 0 0 0 0 0 0 0 0 0 0 0 3760.2 62865.6 0 0 0 0 
0 0 0 0 220865 36975.8 1725.47 0 0 0 0 0 0 0 0 0 0 0 0 0 0 0 0 0 0 0 0 0 0 0 0 0 0 0 0 0 0 0 0 0 0 0 0 0 0 0 0 0 0 0 0 0 0 0 0 0 0 0 1818.29 42159.7 232919 0 0 0 0 
0 0 0 0 350451 343989 32617 1116.5 144.43 0 0 0 0 0 0 0 0 0 0 0 0 0 0 0 0 0 0 0 0 0 0 0 0 0 0 0 0 0 0 0 0 0 0 0 0 0 0 0 0 0 0 0 0 0 0 0 156.982 1170.14 38555.4 342222 333886 0 0 0 0 
0 0 0 0 0 1.44613e+06 332328 31671.4 0 0 0 0 0 0 0 0 0 0 0 0 0 0 0 0 0 0 0 0 0 0 0 0 0 0 0 0 0 0 0 0 0 0 0 0 0 0 0 0 0 0 0 0 0 0 0 0 0 34284.3 320152 1.52887e+06 0 0 0 0 0 
0 0 0 0 0 3.16636e+06 2.03476e+06 326537 41545.3 3700.93 0 0 0 0 0 0 0 0 0 0 0 0 0 0 0 0 0 0 0 0 0 0 0 0 0 0 0 0 0 0 0 0 0 0 0 0 0 0 0 0 0 0 0 0 0 3468.95 43900.4 367154 2.20446e+06 3.07036e+06 0 0 0 0 0 
0 0 0 0 0 2.62757e+06 9.22891e+06 2.74175e+06 390197 45673.8 5493.78 0 0 0 0 0 0 0 0 0 0 0 0 0 0 0 0 0 0 0 0 0 0 0 0 0 0 0 0 0 0 0 0 0 0 0 0 0 0 0 0 0 0 0 5688.48 41534.2 469388 2.84728e+06 9.18981e+06 2.63714e+06 0 0 0 0 0 
0 0 0 0 0 0 2.14998e+07 1.37313e+07 3.44063e+06 617859 84336.8 13222.7 1456.34 0 0 0 50.937 0 0 0 0 0 0 0 0 0 0 0 0 0 0 0 14.8309 0 0 0 0 0 0 0 0 0 0 0 0 0 0 0 67.8857 0 0 0 1407.78 11428.5 80379.4 668612 3.54323e+06 1.36969e+07 2.10794e+07 0 0 0 0 0 0 
0 0 0 0 0 0 2.77821e+07 5.41166e+07 1.95807e+07 4.87826e+06 1.13532e+06 156301 17316 5861.4 1941.13 930.077 0 0 0 0 0 0 0 0 0 0 0 0 0 0 0 0 0 0 0 0 0 0 0 0 0 0 0 0 0 0 0 0 0 895.044 1963.8 5717.45 15135.1 160779 1.0575e+06 5.44522e+06 2.17553e+07 5.55991e+07 2.66143e+07 0 0 0 0 0 0 
0 0 0 0 0 0 1.40621e+07 1.3293e+08 9.35856e+07 3.22994e+07 8.22268e+06 2.06541e+06 385923 52987.1 5613.4 0 0 1970.79 0 0 0 0 0 0 0 0 0 0 0 0 0 402.247 0 378.479 0 0 0 0 0 0 0 0 0 0 0 0 0 1680.76 0 0 5859.25 61460.9 443285 2.09957e+06 8.62287e+06 3.28189e+07 1.01397e+08 1.31211e+08 1.55259e+07 0 0 0 0 0 0 
0 0 0 0 0 0 0 1.97998e+08 3.14324e+08 1.59664e+08 5.66464e+07 1.49626e+07 3.94989e+06 888800 226234 58949.5 28880.5 854.9 4493.54 0 0 0 0 0 0 0 0 0 0 0 871.31 0 0 0 976.173 0 0 0 0 0 0 0 0 0 0 0 3760.45 1205.3 27320.3 53880.8 209261 1.00509e+06 3.99802e+06 1.48832e+07 5.47717e+07 1.58687e+08 2.97985e+08 1.91776e+08 0 0 0 0 0 0 0 
0 0 0 0 0 0 0 1.60481e+08 7.35479e+08 6.08701e+08 2.61005e+08 9.71761e+07 3.32704e+07 9.389e+06 2.3308e+06 634929 125252 53953.7 28476.4 13989.6 3159.15 0 0 0 642.489 0 0 0 1260.91 4285.13 5114.81 0 12403.3 0 4518.19 3762.26 916.73 0 0 0 477.268 0 0 0 3378.41 11869.2 24515.2 55557.3 136576 611163 2.2799e+06 9.36531e+06 3.13013e+07 9.90855e+07 2.73908e+08 6.20836e+08 7.18504e+08 1.62758e+08 0 0 0 0 0 0 0 
0 0 0 0 0 0 0 5.88578e+07 1.14835e+09 1.82949e+09 1.11931e+09 4.68151e+08 1.88582e+08 6.578e+07 2.18244e+07 6.53903e+06 1.99256e+06 868964 264757 150458 33417.1 25383.3 12191.6 9113.87 0 5318.04 6447.5 12957.5 17228.7 24650.2 0 31787.1 399.483 28861.6 0 22217.9 16138.7 11478 5809.47 3996.29 0 7484.83 10648.4 25909.2 31452.7 143243 228486 746076 1.93362e+06 6.16876e+06 2.24846e+07 6.69163e+07 1.82673e+08 4.69547e+08 1.13476e+09 1.61999e+09 1.23421e+09 6.29252e+07 0 0 0 0 0 0 0 
0 0 0 0 0 0 0 0 1.23109e+09 4.02436e+09 3.77045e+09 2.04401e+09 9.748e+08 3.86523e+08 1.55311e+08 5.69594e+07 2.12917e+07 6.60365e+06 2.91533e+06 1.29469e+06 824986 287042 143096 93245.6 102600 102611 91606.4 85729.6 100301 74006.3 124862 162080 69349.1 160584 113106 57769.8 98620.6 73757.6 77758.3 86790.1 94620.4 78003.2 117124 256957 782963 1.16545e+06 2.84745e+06 6.56822e+06 1.8845e+07 5.43344e+07 1.45122e+08 3.81242e+08 9.11525e+08 2.08163e+09 3.64789e+09 3.94879e+09 1.14747e+09 0 0 0 0 0 0 0 0 
0 0 0 0 0 0 0 0 6.91594e+08 6.14466e+09 9.95687e+09 7.37424e+09 4.06219e+09 1.988e+09 8.46498e+08 3.5567e+08 1.43299e+08 6.04302e+07 2.36588e+07 1.08668e+07 5.47298e+06 3.12046e+06 1.81803e+06 1.1571e+06 766397 566687 594077 544347 550357 462454 759661 293776 777738 294388 723191 459246 500592 542941 562142 462134 739447 1.02124e+06 1.75079e+06 2.77641e+06 5.10805e+06 1.03104e+07 2.27413e+07 5.07628e+07 1.39605e+08 3.41648e+08 8.51903e+08 1.87013e+09 4.04498e+09 7.66837e+09 9.45266e+09 6.66403e+09 6.95888e+08 0 0 0 0 0 0 0 0 
0 0 0 0 0 0 0 0 1.88288e+08 6.90441e+09 2.11019e+10 2.22559e+10 1.40167e+10 7.95053e+09 4.20699e+09 1.92016e+09 9.08002e+08 4.00016e+08 1.69831e+08 8.05016e+07 4.32749e+07 2.36646e+07 1.29505e+07 7.55628e+06 5.4961e+06 5.0923e+06 3.72319e+06 3.60769e+06 2.92764e+06 3.76672e+06 2.50425e+06 2.90822e+06 3.08353e+06 3.10565e+06 2.12921e+06 3.29341e+06 2.4625e+06 3.33405e+06 3.62646e+06 4.50341e+06 5.01143e+06 7.24186e+06 1.09044e+07 2.14367e+07 3.98994e+07 7.80673e+07 1.60616e+08 3.94725e+08 8.61468e+08 1.87487e+09 3.92811e+09 7.8018e+09 1.48556e+10 2.31041e+10 1.93082e+10 6.8329e+09 2.04902e+08 0 0 0 0 0 0 0 0 
0 0 0 0 0 0 0 0 0 5.03537e+09 3.04715e+10 5.09443e+10 4.41875e+10 2.9378e+10 1.58906e+10 8.84842e+09 4.60615e+09 2.20081e+09 1.13204e+09 5.90562e+08 2.94901e+08 1.66323e+08 1.02274e+08 6.17345e+07 4.73459e+07 3.29235e+07 2.43941e+07 1.8765e+07 1.70752e+07 1.52249e+07 1.42814e+07 1.70491e+07 1.21837e+07 1.53876e+07 1.40874e+07 1.6758e+07 1.70265e+07 1.69131e+07 2.32923e+07 2.84138e+07 4.00583e+07 5.52024e+07 9.47072e+07 1.47858e+08 2.63179e+08 5.47546e+08 1.07061e+09 2.28261e+09 4.64173e+09 8.87923e+09 1.68621e+10 2.95986e+10 4.97433e+10 5.09779e+10 3.22918e+10 4.97167e+09 0 0 0 0 0 0 0 0 0 
0 0 0 0 0 0 0 0 0 2.3158e+09 3.42642e+10 1.00404e+11 1.16064e+11 9.51115e+10 6.06477e+10 3.57605e+10 1.99229e+10 1.0809e+10 5.91989e+09 3.229e+09 1.91901e+09 1.09802e+09 6.3715e+08 4.19004e+08 2.83449e+08 1.99843e+08 1.52398e+08 1.1841e+08 1.03417e+08 7.90362e+07 7.93251e+07 7.31504e+07 7.70316e+07 7.32313e+07 8.74621e+07 8.05455e+07 9.79568e+07 1.11261e+08 1.40676e+08 1.88176e+08 2.57792e+08 3.61197e+08 5.8349e+08 9.80418e+08 1.6947e+09 3.32681e+09 6.14069e+09 1.09363e+10 2.11201e+10 3.5277e+10 6.01253e+10 9.90611e+10 1.19854e+11 9.45211e+10 3.55089e+10 2.17887e+09 0 0 0 0 0 0 0 0 0 
0 0 0 0 0 0 0 0 0 4.80289e+08 2.80306e+10 1.40868e+11 2.49242e+11 2.62099e+11 1.90237e+11 1.33159e+11 8.01255e+10 4.84367e+10 2.79268e+10 1.57584e+10 9.858e+09 6.27332e+09 4.18375e+09 2.57487e+09 1.70026e+09 1.22793e+09 9.05159e+08 7.23229e+08 5.46319e+08 5.10746e+08 4.46128e+08 4.36493e+08 4.08175e+08 4.2348e+08 4.71145e+08 5.54001e+08 5.53677e+08 7.11479e+08 8.76707e+08 1.0846e+09 1.63967e+09 2.30637e+09 3.80112e+09 5.87742e+09 1.02253e+10 1.75894e+10 2.94498e+10 4.97e+10 8.1001e+10 1.29496e+11 2.04447e+11 2.62942e+11 2.64999e+11 1.43934e+11 2.82446e+10 5.05846e+08 0 0 0 0 0 0 0 0 0 
0 0 0 0 0 0 0 0 0 0 1.60672e+10 1.53172e+11 4.45299e+11 6.02005e+11 5.5757e+11 4.05776e+11 2.93123e+11 1.89085e+11 1.18469e+11 7.37703e+10 4.45705e+10 3.05633e+10 2.07952e+10 1.43983e+10 9.75687e+09 7.15738e+09 5.05844e+09 3.99904e+09 3.5145e+09 2.95894e+09 2.6004e+09 2.49321e+09 2.43323e+09 2.42835e+09 2.59184e+09 2.91021e+09 3.151e+09 3.77643e+09 5.07165e+09 6.6773e+09 9.25879e+09 1.32722e+10 1.9706e+10 3.01262e+10 4.99697e+10 8.05323e+10 1.1988e+11 2.01967e+11 2.88614e+11 4.08034e+11 5.72616e+11 6.28766e+11 4.50119e+11 1.61336e+11 1.54428e+10 0 0 0 0 0 0 0 0 0 0 
0 0 0 0 0 0 0 0 0 0 5.3406e+09 1.3972e+11 5.9863e+11 1.18849e+12 1.35281e+12 1.2329e+12 9.45865e+11 6.43268e+11 4.35199e+11 2.93661e+11 1.97207e+11 1.34786e+11 9.21008e+10 6.65529e+10 4.81013e+10 3.72829e+10 2.92125e+10 2.39267e+10 1.81402e+10 1.54094e+10 1.45998e+10 1.36254e+10 1.25011e+10 1.34044e+10 1.37319e+10 1.46321e+10 1.73553e+10 2.0976e+10 2.60278e+10 3.55636e+10 4.72675e+10 6.62436e+10 9.6007e+10 1.36508e+11 2.0826e+11 3.15724e+11 4.64739e+11 6.40051e+11 9.17663e+11 1.19184e+12 1.41966e+12 1.17914e+12 6.02163e+11 1.31102e+11 5.06768e+09 0 0 0 0 0 0 0 0 0 0 
0 0 0 0 0 0 0 0 0 0 1.02351e+09 7.83952e+10 6.54983e+11 1.8428e+12 2.89731e+12 2.94929e+12 2.51648e+12 1.95904e+12 1.46992e+12 1.07116e+12 7.67315e+11 5.49139e+11 4.04438e+11 2.86109e+11 2.1257e+11 1.65164e+11 1.31514e+11 1.02109e+11 8.45994e+10 7.84275e+10 7.24353e+10 6.60348e+10 6.69153e+10 6.44112e+10 6.97536e+10 7.96622e+10 8.67602e+10 9.88568e+10 1.29134e+11 1.59872e+11 2.29275e+11 3.02001e+11 4.26873e+11 5.81281e+11 7.80895e+11 1.10401e+12 1.45032e+12 2.11769e+12 2.74097e+12 3.09403e+12 2.88923e+12 1.92448e+12 6.6996e+11 8.28868e+10 1.03561e+09 0 0 0 0 0 0 0 0 0 0 
0 0 0 0 0 0 0 0 0 0 0 3.59885e+10 5.52022e+11 2.29032e+12 4.67646e+12 6.26809e+12 6.48357e+12 5.57601e+12 4.4908e+12 3.40995e+12 2.66873e+12 1.97994e+12 1.43123e+12 1.1781e+12 8.7561e+11 6.70034e+11 5.60291e+11 4.58797e+11 3.943e+11 3.61055e+11 3.3144e+11 3.10226e+11 2.96508e+11 3.10418e+11 3.10901e+11 3.48879e+11 3.99221e+11 4.2493e+11 5.1518e+11 6.37966e+11 8.62219e+11 1.17664e+12 1.52694e+12 2.00059e+12 2.76244e+12 3.43102e+12 4.60066e+12 6.01068e+12 6.49627e+12 6.85939e+12 5.24515e+12 2.41974e+12 5.32381e+11 3.38097e+10 0 0 0 0 0 0 0 0 0 0 0 
0 0 0 0 0 0 0 0 0 0 0 1.02306e+10 3.51787e+11 2.52928e+12 7.15341e+12 1.20423e+13 1.4017e+13 1.40301e+13 1.2179e+13 1.04191e+13 8.32123e+12 6.57411e+12 5.22948e+12 4.36275e+12 3.3586e+12 2.74788e+12 2.22956e+12 1.793e+12 1.52002e+12 1.36878e+12 1.31199e+12 1.25224e+12 1.19191e+12 1.22608e+12 1.36908e+12 1.4413e+12 1.5285e+12 1.79077e+12 2.16819e+12 2.54082e+12 3.2803e+12 4.08935e+12 5.42076e+12 6.7679e+12 8.23705e+12 1.03222e+13 1.25564e+13 1.44031e+13 1.53234e+13 1.20533e+13 7.11956e+12 2.36744e+12 3.28632e+11 9.91151e+09 0 0 0 0 0 0 0 0 0 0 0 
0 0 0 0 0 0 0 0 0 0 0 1.61635e+09 1.74957e+11 2.0212e+12 8.43908e+12 1.90728e+13 2.8105e+13 3.15171e+13 3.10319e+13 2.73904e+13 2.44634e+13 1.97806e+13 1.58215e+13 1.30837e+13 1.11205e+13 9.21347e+12 8.00937e+12 6.82811e+12 6.22234e+12 5.52511e+12 5.17889e+12 4.91835e+12 5.00833e+12 4.95999e+12 5.07374e+12 5.50421e+12 6.09202e+12 6.91265e+12 7.79749e+12 9.58896e+12 1.14592e+13 1.44715e+13 1.67543e+13 1.97685e+13 2.44178e+13 2.96322e+13 3.28282e+13 3.1939e+13 2.82116e+13 1.94834e+13 8.44128e+12 1.9788e+12 1.68753e+11 1.67693e+09 0 0 0 0 0 0 0 0 0 0 0 
0 0 0 0 0 0 0 0 0 0 0 0 6.02425e+10 1.23765e+12 8.2275e+12 2.41191e+13 4.53967e+13 6.21383e+13 7.18349e+13 6.70103e+13 6.25382e+13 5.54016e+13 4.724e+13 4.05376e+13 3.3628e+13 2.93878e+13 2.60701e+13 2.37366e+13 2.01228e+13 1.79927e+13 1.75757e+13 1.69543e+13 1.65828e+13 1.69897e+13 1.71057e+13 1.82492e+13 2.06846e+13 2.17815e+13 2.58494e+13 3.00892e+13 3.50776e+13 4.21825e+13 4.98301e+13 5.77141e+13 6.35053e+13 6.96411e+13 7.00338e+13 6.09359e+13 4.60442e+13 2.37234e+13 7.67837e+12 1.23664e+12 6.06277e+10 0 0 0 0 0 0 0 0 0 0 0 0 
0 0 0 0 0 0 0 0 0 0 0 0 1.52113e+10 6.65708e+11 6.66446e+12 2.69496e+13 6.17703e+13 1.06089e+14 1.3582e+14 1.5125e+14 1.50627e+14 1.4168e+14 1.28631e+14 1.12586e+14 9.90434e+13 9.03441e+13 8.12282e+13 7.15512e+13 6.54106e+13 6.31698e+13 5.84645e+13 5.65079e+13 5.55674e+13 5.62811e+13 5.83217e+13 5.97056e+13 6.4417e+13 7.21988e+13 8.08658e+13 8.6716e+13 1.02234e+14 1.19538e+14 1.34842e+14 1.45324e+14 1.58004e+14 1.52259e+14 1.35572e+14 1.06269e+14 6.26055e+13 2.6938e+13 6.60625e+12 6.42891e+11 1.474e+10 0 0 0 0 0 0 0 0 0 0 0 0 
0 0 0 0 0 0 0 0 0 0 0 0 2.30977e+09 2.62932e+11 4.10636e+12 2.46189e+13 7.82567e+13 1.53232e+14 2.39949e+14 2.89449e+14 3.31135e+14 3.37311e+14 3.11142e+14 3.04326e+14 2.72202e+14 2.46903e+14 2.2172e+14 2.0846e+14 1.91363e+14 1.82031e+14 1.76342e+14 1.64492e+14 1.64945e+14 1.72261e+14 1.74159e+14 1.84378e+14 1.98515e+14 2.08176e+14 2.08575e+14 2.47605e+14 2.8876e+14 3.00591e+14 3.23627e+14 3.27132e+14 3.07287e+14 2.86024e+14 2.36806e+14 1.54489e+14 7.48832e+13 2.46143e+13 4.10693e+12 2.57353e+11 2.21322e+09 0 0 0 0 0 0 0 0 0 0 0 0 
0 0 0 0 0 0 0 0 0 0 0 0 0 8.018e+10 2.16205e+12 1.99199e+13 7.94211e+13 1.99145e+14 3.41703e+14 5.30368e+14 6.28077e+14 7.01217e+14 6.96308e+14 6.97459e+14 6.49164e+14 6.22688e+14 6.26858e+14 5.69567e+14 5.3597e+14 5.0291e+14 4.92694e+14 4.70084e+14 4.76992e+14 4.78015e+14 5.16715e+14 5.07905e+14 5.17936e+14 5.34654e+14 6.0052e+14 6.41297e+14 6.81461e+14 7.08948e+14 7.07125e+14 6.97885e+14 6.3927e+14 5.13829e+14 3.47337e+14 1.89076e+14 7.33184e+13 1.81295e+13 2.12805e+12 8.01438e+10 0 0 0 0 0 0 0 0 0 0 0 0 0 
0 0 0 0 0 0 0 0 0 0 0 0 0 1.6821e+10 9.28752e+11 1.15358e+13 6.65942e+13 2.17016e+14 4.86726e+14 7.9676e+14 1.13467e+15 1.26063e+15 1.43502e+15 1.4661e+15 1.48142e+15 1.50033e+15 1.46946e+15 1.39992e+15 1.34267e+15 1.3187e+15 1.29412e+15 1.28219e+15 1.22311e+15 1.26866e+15 1.29427e+15 1.3279e+15 1.35379e+15 1.36479e+15 1.43601e+15 1.45812e+15 1.5485e+15 1.53737e+15 1.43455e+15 1.31212e+15 1.06082e+15 7.72479e+14 4.48721e+14 2.1551e+14 6.94419e+13 1.25136e+13 9.42702e+11 1.72879e+10 0 0 0 0 0 0 0 0 0 0 0 0 0 
0 0 0 0 0 0 0 0 0 0 0 0 0 2.48531e+09 3.14299e+11 6.16941e+12 4.91634e+13 2.06876e+14 5.44309e+14 1.02419e+15 1.64309e+15 2.18403e+15 2.53923e+15 2.89654e+15 3.10873e+15 3.26744e+15 3.3139e+15 3.24142e+15 3.2201e+15 3.06532e+15 3.03215e+15 3.09881e+15 3.08881e+15 3.10262e+15 3.0604e+15 3.04108e+15 3.15536e+15 3.21141e+15 3.25035e+15 3.35934e+15 3.12385e+15 2.9877e+15 2.66215e+15 2.17285e+15 1.6824e+15 1.01021e+15 5.21415e+14 1.99022e+14 5.09352e+13 6.17806e+12 3.13614e+11 2.44956e+09 0 0 0 0 0 0 0 0 0 0 0 0 0 
0 0 0 0 0 0 0 0 0 0 0 0 0 0 8.5621e+10 2.66414e+12 2.97428e+13 1.55645e+14 5.27498e+14 1.24829e+15 2.15953e+15 3.33472e+15 4.47065e+15 5.31586e+15 6.10669e+15 6.47669e+15 6.7831e+15 6.89147e+15 7.00166e+15 7.02344e+15 6.87993e+15 6.92556e+15 6.81362e+15 7.00896e+15 7.13913e+15 6.86155e+15 6.78923e+15 7.01694e+15 6.74542e+15 6.37179e+15 5.9078e+15 5.15095e+15 4.39451e+15 3.3019e+15 2.28781e+15 1.21454e+15 5.30597e+14 1.62239e+14 3.00861e+13 2.77551e+12 8.72898e+10 0 0 0 0 0 0 0 0 0 0 0 0 0 0 
0 0 0 0 0 0 0 0 0 0 0 0 0 0 1.54676e+10 1.00076e+12 1.53833e+13 1.07117e+14 4.47135e+14 1.22131e+15 2.57455e+15 4.31123e+15 6.58625e+15 8.52901e+15 1.0545e+16 1.22412e+16 1.30748e+16 1.3592e+16 1.37186e+16 1.42224e+16 1.436e+16 1.41809e+16 1.45269e+16 1.4266e+16 1.44179e+16 1.43286e+16 1.37549e+16 1.33337e+16 1.25806e+16 1.15688e+16 9.77605e+15 8.17412e+15 6.36983e+15 4.48844e+15 2.54881e+15 1.26246e+15 4.54121e+14 1.13206e+14 1.62679e+13 9.92662e+11 1.60801e+10 0 0 0 0 0 0 0 0 0 0 0 0 0 0 
0 0 0 0 0 0 0 0 0 0 0 0 0 0 2.54669e+09 3.01915e+11 6.61226e+12 6.44876e+13 3.21e+14 1.13616e+15 2.83242e+15 5.39892e+15 8.62793e+15 1.24963e+16 1.58222e+16 1.97485e+16 2.244e+16 2.40184e+16 2.50881e+16 2.68875e+16 2.83326e+16 2.76599e+16 2.71233e+16 2.77548e+16 2.7815e+16 2.67596e+16 2.47734e+16 2.38048e+16 2.14107e+16 1.89647e+16 1.5689e+16 1.23294e+16 8.70865e+15 5.30873e+15 2.71353e+15 1.11425e+15 3.49293e+14 6.53268e+13 7.10867e+12 3.01601e+11 2.5368e+09 0 0 0 0 0 0 0 0 0 0 0 0 0 0 
0 0 0 0 0 0 0 0 0 0 0 0 0 0 0 7.26185e+10 2.60302e+12 3.12184e+13 2.148e+14 8.85385e+14 2.50602e+15 5.64836e+15 1.00957e+16 1.57352e+16 2.21743e+16 2.89876e+16 3.40503e+16 3.85974e+16 4.29218e+16 4.63441e+16 4.89365e+16 4.86277e+16 4.83053e+16 4.93155e+16 4.70213e+16 4.5503e+16 4.25234e+16 3.93097e+16 3.42602e+16 2.81068e+16 2.19314e+16 1.55326e+16 1.02088e+16 5.66078e+15 2.52497e+15 9.00477e+14 2.27456e+14 3.453e+13 2.62473e+12 7.1218e+10 0 0 0 0 0 0 0 0 0 0 0 0 0 0 0 
0 0 0 0 0 0 0 0 0 0 0 0 0 0 0 1.32571e+10 8.29441e+11 1.43488e+13 1.20801e+14 5.99155e+14 2.0344e+15 5.25715e+15 1.08974e+16 1.89294e+16 2.84898e+16 3.84023e+16 4.86915e+16 5.93881e+16 6.6066e+16 7.10468e+16 7.6772e+16 8.00562e+16 7.70411e+16 7.71121e+16 7.68748e+16 6.88438e+16 6.4706e+16 5.69306e+16 4.8097e+16 3.86574e+16 2.77916e+16 1.82795e+16 1.09071e+16 5.30096e+15 2.05831e+15 6.24962e+14 1.21141e+14 1.51496e+13 8.39426e+11 1.27282e+10 0 0 0 0 0 0 0 0 0 0 0 0 0 0 0 
0 0 0 0 0 0 0 0 0 0 0 0 0 0 0 2.24462e+09 2.23514e+11 5.52452e+12 5.99471e+13 3.65898e+14 1.50374e+15 4.49174e+15 1.01798e+16 1.94114e+16 3.19968e+16 4.6102e+16 6.26051e+16 7.8007e+16 9.08765e+16 1.00633e+17 1.07976e+17 1.13035e+17 1.1723e+17 1.17639e+17 1.09075e+17 1.004e+17 8.94306e+16 7.55683e+16 6.08968e+16 4.50903e+16 3.1072e+16 1.90031e+16 9.85014e+15 4.38447e+15 1.54292e+15 3.83433e+14 6.39614e+13 5.64927e+12 2.23487e+11 2.47472e+09 0 0 0 0 0 0 0 0 0 0 0 0 0 0 0 
0 0 0 0 0 0 0 0 0 0 0 0 0 0 0 0 5.25668e+10 1.84935e+12 2.56918e+13 2.047e+14 9.55251e+14 3.26663e+15 8.46415e+15 1.76097e+16 3.23384e+16 4.99334e+16 7.03888e+16 9.27488e+16 1.14795e+17 1.3322e+17 1.49927e+17 1.54954e+17 1.61926e+17 1.52926e+17 1.48542e+17 1.32296e+17 1.15944e+17 9.20585e+16 7.06243e+16 4.88794e+16 3.11176e+16 1.80776e+16 8.63244e+15 3.21676e+15 9.4628e+14 2.0139e+14 2.75902e+13 1.86635e+12 5.035e+10 0 0 0 0 0 0 0 0 0 0 0 0 0 0 0 0 
0 0 0 0 0 0 0 0 0 0 0 0 0 0 0 0 9.1058e+09 5.32117e+11 9.88575e+12 9.36499e+13 5.6846e+14 2.15595e+15 6.22433e+15 1.45473e+16 2.89491e+16 4.94361e+16 7.67428e+16 1.03962e+17 1.35873e+17 1.60107e+17 1.80648e+17 1.93953e+17 1.91682e+17 1.92469e+17 1.74131e+17 1.56798e+17 1.30806e+17 1.02561e+17 7.50325e+16 5.01058e+16 2.96781e+16 1.53741e+16 6.21999e+15 2.1665e+15 5.50615e+14 1.03036e+14 1.03236e+13 5.4573e+11 9.22329e+09 0 0 0 0 0 0 0 0 0 0 0 0 0 0 0 0 
0 0 0 0 0 0 0 0 0 0 0 0 0 0 0 0 1.85154e+09 1.36692e+11 3.41225e+12 4.01458e+13 2.83962e+14 1.27939e+15 4.30463e+15 1.12016e+16 2.32612e+16 4.4325e+16 7.06125e+16 1.00249e+17 1.39623e+17 1.70038e+17 1.91456e+17 2.11281e+17 2.20329e+17 2.10304e+17 1.89803e+17 1.67462e+17 1.35172e+17 1.03618e+17 7.07797e+16 4.45759e+16 2.47456e+16 1.11305e+16 4.32321e+15 1.27191e+15 2.81604e+14 4.2322e+13 3.76735e+12 1.41013e+11 2.15045e+09 0 0 0 0 0 0 0 0 0 0 0 0 0 0 0 0 
0 0 0 0 0 0 0 0 0 0 0 0 0 0 0 0 0 3.09919e+10 1.01558e+12 1.56409e+13 1.29532e+14 6.84472e+14 2.57827e+15 7.77239e+15 1.75907e+16 3.54297e+16 5.9855e+16 9.5099e+16 1.27299e+17 1.66993e+17 1.96619e+17 2.12263e+17 2.20652e+17 2.09101e+17 1.94328e+17 1.64745e+17 1.3028e+17 9.38742e+16 6.0778e+16 3.58921e+16 1.84884e+16 7.90235e+15 2.61832e+15 6.84136e+14 1.31663e+14 1.54614e+13 1.09342e+12 3.20574e+10 0 0 0 0 0 0 0 0 0 0 0 0 0 0 0 0 0 
0 0 0 0 0 0 0 0 0 0 0 0 0 0 0 0 0 5.41723e+09 3.01269e+11 5.38888e+12 5.43474e+13 3.33748e+14 1.4484e+15 4.56358e+15 1.22608e+16 2.51941e+16 4.761e+16 7.75134e+16 1.10451e+17 1.44028e+17 1.75069e+17 1.98117e+17 1.99366e+17 1.97707e+17 1.77522e+17 1.49326e+17 1.13896e+17 7.90018e+16 4.88723e+16 2.60867e+16 1.25313e+16 4.82177e+15 1.44933e+15 3.37558e+14 5.39423e+13 5.65541e+12 3.02965e+11 5.51863e+09 0 0 0 0 0 0 0 0 0 0 0 0 0 0 0 0 0 
0 0 0 0 0 0 0 0 0 0 0 0 0 0 0 0 0 1.5078e+09 7.70989e+10 1.75701e+12 1.99665e+13 1.43543e+14 7.23869e+14 2.63058e+15 7.31679e+15 1.71746e+16 3.41919e+16 5.64338e+16 8.43245e+16 1.17552e+17 1.44978e+17 1.66221e+17 1.74039e+17 1.66751e+17 1.49799e+17 1.18358e+17 8.84642e+16 5.76439e+16 3.44616e+16 1.81338e+16 7.65834e+15 2.67326e+15 7.46326e+14 1.45182e+14 2.04692e+13 1.79023e+12 7.68358e+10 1.67101e+09 0 0 0 0 0 0 0 0 0 0 0 0 0 0 0 0 0 
0 0 0 0 0 0 0 0 0 0 0 0 0 0 0 0 0 0 1.77709e+10 5.04067e+11 7.53138e+12 5.74751e+13 3.32871e+14 1.34603e+15 4.13856e+15 1.04922e+16 2.15672e+16 3.97983e+16 6.10116e+16 8.47935e+16 1.08729e+17 1.25195e+17 1.33734e+17 1.26301e+17 1.09649e+17 8.98332e+16 6.12475e+16 4.00362e+16 2.26225e+16 1.07755e+16 4.29646e+15 1.40304e+15 3.45341e+14 6.21985e+13 7.57075e+12 5.51684e+11 1.88271e+10 0 0 0 0 0 0 0 0 0 0 0 0 0 0 0 0 0 0 
0 0 0 0 0 0 0 0 0 0 0 0 0 0 0 0 0 0 3.15749e+09 1.40574e+11 2.35946e+12 2.28592e+13 1.41896e+14 6.28335e+14 2.1713e+15 5.5676e+15 1.31532e+16 2.48535e+16 4.13935e+16 5.77466e+16 7.5131e+16 8.82579e+16 9.26461e+16 9.08713e+16 7.86594e+16 5.92024e+16 4.20742e+16 2.61285e+16 1.40467e+16 6.14342e+15 2.2317e+15 6.65589e+14 1.44347e+14 2.37988e+13 2.39712e+12 1.49411e+11 3.22173e+09 0 0 0 0 0 0 0 0 0 0 0 0 0 0 0 0 0 0 
0 0 0 0 0 0 0 0 0 0 0 0 0 0 0 0 0 0 1.13911e+09 3.88173e+10 7.53301e+11 8.39508e+12 5.74292e+13 2.81009e+14 1.02478e+15 3.10224e+15 7.15914e+15 1.48661e+16 2.48473e+16 3.81915e+16 4.80017e+16 5.70532e+16 6.2101e+16 5.7719e+16 4.89243e+16 3.77556e+16 2.49677e+16 1.48078e+16 7.57575e+15 3.10916e+15 1.11834e+15 2.91556e+14 5.87716e+13 8.31856e+12 7.60296e+11 3.99834e+10 1.23062e+09 0 0 0 0 0 0 0 0 0 0 0 0 0 0 0 0 0 0 
0 0 0 0 0 0 0 0 0 0 0 0 0 0 0 0 0 0 0 9.73342e+09 2.15062e+11 2.75761e+12 2.11012e+13 1.13289e+14 4.65411e+14 1.49887e+15 3.69151e+15 7.8043e+15 1.39398e+16 2.18194e+16 2.88315e+16 3.50252e+16 3.79292e+16 3.4609e+16 2.89019e+16 2.17262e+16 1.43623e+16 7.97749e+15 3.84108e+15 1.53277e+15 4.837e+14 1.22656e+14 2.22936e+13 2.74686e+12 2.25705e+11 9.78042e+09 0 0 0 0 0 0 0 0 0 0 0 0 0 0 0 0 0 0 0 
0 0 0 0 0 0 0 0 0 0 0 0 0 0 0 0 0 0 0 1.67702e+09 6.101e+10 9.42708e+11 8.08674e+12 4.67155e+13 2.06172e+14 6.67313e+14 1.76667e+15 3.91516e+15 7.56598e+15 1.17248e+16 1.64117e+16 1.94374e+16 2.10259e+16 2.01331e+16 1.59417e+16 1.19094e+16 7.49758e+15 4.17113e+15 1.86128e+15 7.09245e+14 2.05012e+14 4.55489e+13 7.78291e+12 8.99646e+11 6.37798e+10 1.69378e+09 0 0 0 0 0 0 0 0 0 0 0 0 0 0 0 0 0 0 0 
0 0 0 0 0 0 0 0 0 0 0 0 0 0 0 0 0 0 0 8.13732e+08 1.84644e+10 2.79209e+11 2.69618e+12 1.73967e+13 8.16302e+13 2.92847e+14 8.18076e+14 1.88586e+15 3.59624e+15 6.05532e+15 8.54029e+15 1.01581e+16 1.09709e+16 1.03738e+16 8.8372e+15 6.2148e+15 3.69395e+15 1.85138e+15 8.52157e+14 3.0326e+14 8.18972e+13 1.78394e+13 2.58571e+12 2.71909e+11 1.92345e+10 8.04788e+08 0 0 0 0 0 0 0 0 0 0 0 0 0 0 0 0 0 0 0 
0 0 0 0 0 0 0 0 0 0 0 0 0 0 0 0 0 0 0 0 4.53099e+09 8.20918e+10 9.24412e+11 6.34235e+12 3.10818e+13 1.19657e+14 3.55911e+14 8.5148e+14 1.69377e+15 2.87679e+15 4.04994e+15 5.23343e+15 5.45222e+15 5.18135e+15 4.26089e+15 3.00491e+15 1.72667e+15 8.86243e+14 3.60034e+14 1.19792e+14 3.05915e+13 6.27293e+12 8.58422e+11 8.28871e+10 4.64791e+09 0 0 0 0 0 0 0 0 0 0 0 0 0 0 0 0 0 0 0 0 
0 0 0 0 0 0 0 0 0 0 0 0 0 0 0 0 0 0 0 0 7.05792e+08 2.66383e+10 3.04244e+11 2.29649e+12 1.16713e+13 4.73588e+13 1.52367e+14 3.73713e+14 7.49865e+14 1.33881e+15 2.01985e+15 2.4063e+15 2.63363e+15 2.50676e+15 1.97281e+15 1.32871e+15 7.93139e+14 3.79682e+14 1.50746e+14 4.66031e+13 1.16795e+13 2.09732e+12 2.94677e+11 2.62381e+10 7.61348e+08 0 0 0 0 0 0 0 0 0 0 0 0 0 0 0 0 0 0 0 0 
0 0 0 0 0 0 0 0 0 0 0 0 0 0 0 0 0 0 0 0 5.2386e+08 7.81013e+09 9.41698e+10 7.73463e+11 4.47667e+12 1.81252e+13 5.90879e+13 1.59988e+14 3.23262e+14 5.89974e+14 8.83484e+14 1.11413e+15 1.15195e+15 1.08912e+15 8.75108e+14 5.83668e+14 3.21554e+14 1.51822e+14 5.79334e+13 1.84494e+13 4.46561e+12 7.11317e+11 9.56911e+10 7.84355e+09 4.76556e+08 0 0 0 0 0 0 0 0 0 0 0 0 0 0 0 0 0 0 0 0 
0 0 0 0 0 0 0 0 0 0 0 0 0 0 0 0 0 0 0 0 0 1.92991e+09 2.8949e+10 2.74879e+11 1.63745e+12 7.26625e+12 2.43505e+13 6.38335e+13 1.32488e+14 2.50055e+14 3.75922e+14 4.84237e+14 5.2766e+14 4.88813e+14 3.93624e+14 2.53589e+14 1.35161e+14 6.38398e+13 2.31628e+13 6.69581e+12 1.51898e+12 2.5568e+11 2.86651e+10 2.0931e+09 0 0 0 0 0 0 0 0 0 0 0 0 0 0 0 0 0 0 0 0 0 
0 0 0 0 0 0 0 0 0 0 0 0 0 0 0 0 0 0 0 0 0 2.82063e+08 9.20421e+09 8.91532e+10 5.52645e+11 2.60291e+12 8.98541e+12 2.40047e+13 5.82698e+13 1.07337e+14 1.65355e+14 2.09159e+14 2.28166e+14 2.12974e+14 1.66204e+14 1.08047e+14 5.6433e+13 2.38901e+13 9.10618e+12 2.5736e+12 5.36083e+11 8.98726e+10 8.93441e+09 2.78641e+08 0 0 0 0 0 0 0 0 0 0 0 0 0 0 0 0 0 0 0 0 0 
0 0 0 0 0 0 0 0 0 0 0 0 0 0 0 0 0 0 0 0 0 2.84588e+08 3.04971e+09 2.86345e+10 1.99691e+11 9.74894e+11 3.43094e+12 1.00938e+13 2.15622e+13 4.37885e+13 6.79775e+13 8.71161e+13 9.2763e+13 8.74577e+13 6.62001e+13 4.13518e+13 2.21751e+13 9.51561e+12 3.40024e+12 9.42622e+11 1.89937e+11 3.04584e+10 3.15008e+09 2.74958e+08 0 0 0 0 0 0 0 0 0 0 0 0 0 0 0 0 0 0 0 0 0 
0 0 0 0 0 0 0 0 0 0 0 0 0 0 0 0 0 0 0 0 0 0 7.45996e+08 8.95652e+09 7.12455e+10 3.60839e+11 1.30081e+12 3.73602e+12 9.03358e+12 1.7173e+13 2.8275e+13 3.49796e+13 3.87308e+13 3.5635e+13 2.72815e+13 1.68984e+13 8.74988e+12 3.54835e+12 1.28148e+12 3.3369e+11 6.98994e+10 8.85416e+09 7.67264e+08 0 0 0 0 0 0 0 0 0 0 0 0 0 0 0 0 0 0 0 0 0 0 
0 0 0 0 0 0 0 0 0 0 0 0 0 0 0 0 0 0 0 0 0 0 9.10092e+07 3.16986e+09 2.45468e+10 1.30432e+11 5.02916e+11 1.51725e+12 3.59419e+12 6.87275e+12 1.08625e+13 1.45213e+13 1.53891e+13 1.44031e+13 1.08983e+13 6.90299e+12 3.46478e+12 1.41333e+12 4.87703e+11 1.1933e+11 2.5024e+10 3.10128e+09 9.30002e+07 0 0 0 0 0 0 0 0 0 0 0 0 0 0 0 0 0 0 0 0 0 0 
0 0 0 0 0 0 0 0 0 0 0 0 0 0 0 0 0 0 0 0 0 0 1.31419e+08 1.14469e+09 7.99059e+09 4.40266e+10 1.94057e+11 6.12724e+11 1.46e+12 2.78805e+12 4.41463e+12 5.83356e+12 6.31414e+12 6.03571e+12 4.47647e+12 2.73779e+12 1.38072e+12 5.7622e+11 1.90545e+11 4.72754e+10 7.59287e+09 1.14788e+09 1.38236e+08 0 0 0 0 0 0 0 0 0 0 0 0 0 0 0 0 0 0 0 0 0 0 
0 0 0 0 0 0 0 0 0 0 0 0 0 0 0 0 0 0 0 0 0 0 0 2.35528e+08 2.54151e+09 1.67965e+10 6.85124e+10 2.18874e+11 5.24407e+11 1.09275e+12 1.78084e+12 2.25014e+12 2.56301e+12 2.3567e+12 1.77432e+12 1.10657e+12 5.39906e+11 2.21773e+11 6.97646e+10 1.71178e+10 2.56856e+09 2.48793e+08 0 0 0 0 0 0 0 0 0 0 0 0 0 0 0 0 0 0 0 0 0 0 0 
0 0 0 0 0 0 0 0 0 0 0 0 0 0 0 0 0 0 0 0 0 0 0 2.60445e+07 9.83793e+08 5.96126e+09 2.40531e+10 8.86059e+10 2.20912e+11 4.46933e+11 7.13577e+11 9.52885e+11 1.05365e+12 9.27415e+11 7.04744e+11 4.23973e+11 2.13453e+11 8.59932e+10 2.63314e+10 5.80914e+09 9.96575e+08 2.57437e+07 0 0 0 0 0 0 0 0 0 0 0 0 0 0 0 0 0 0 0 0 0 0 0 
0 0 0 0 0 0 0 0 0 0 0 0 0 0 0 0 0 0 0 0 0 0 0 5.62991e+07 3.21033e+08 1.9044e+09 9.28801e+09 3.46732e+10 8.00482e+10 1.733e+11 2.90928e+11 3.92163e+11 4.0791e+11 3.75213e+11 2.84326e+11 1.73405e+11 8.55299e+10 3.29074e+10 9.43469e+09 1.89866e+09 3.55427e+08 5.91368e+07 0 0 0 0 0 0 0 0 0 0 0 0 0 0 0 0 0 0 0 0 0 0 0 
0 0 0 0 0 0 0 0 0 0 0 0 0 0 0 0 0 0 0 0 0 0 0 0 6.66463e+07 6.31388e+08 3.48213e+09 1.20106e+10 3.33935e+10 6.90854e+10 1.18222e+11 1.62146e+11 1.7027e+11 1.56928e+11 1.16431e+11 6.84472e+10 3.14954e+10 1.20868e+10 3.746e+09 6.7139e+08 6.80583e+07 0 0 0 0 0 0 0 0 0 0 0 0 0 0 0 0 0 0 0 0 0 0 0 0 
0 0 0 0 0 0 0 0 0 0 0 0 0 0 0 0 0 0 0 0 0 0 0 0 5.33806e+06 2.65169e+08 1.19797e+09 4.39423e+09 1.36579e+10 2.78518e+10 4.67506e+10 6.18978e+10 6.64433e+10 6.18001e+10 4.63243e+10 2.67422e+10 1.26695e+10 4.23871e+09 1.30537e+09 2.93273e+08 5.62695e+06 0 0 0 0 0 0 0 0 0 0 0 0 0 0 0 0 0 0 0 0 0 0 0 0 
0 0 0 0 0 0 0 0 0 0 0 0 0 0 0 0 0 0 0 0 0 0 0 0 2.02023e+07 8.71025e+07 3.93076e+08 1.74386e+09 4.77744e+09 1.05804e+10 1.9344e+10 2.4872e+10 2.76841e+10 2.45794e+10 1.83413e+10 1.11152e+10 5.03589e+09 1.7856e+09 3.60327e+08 8.89423e+07 2.12126e+07 0 0 0 0 0 0 0 0 0 0 0 0 0 0 0 0 0 0 0 0 0 0 0 0 
0 0 0 0 0 0 0 0 0 0 0 0 0 0 0 0 0 0 0 0 0 0 0 0 0 1.47207e+07 1.52082e+08 6.84322e+08 1.73768e+09 4.33212e+09 7.16681e+09 1.08049e+10 1.11472e+10 1.00174e+10 7.38345e+09 4.53059e+09 1.87558e+09 6.94658e+08 1.56878e+08 1.42456e+07 0 0 0 0 0 0 0 0 0 0 0 0 0 0 0 0 0 0 0 0 0 0 0 0 0 
0 0 0 0 0 0 0 0 0 0 0 0 0 0 0 0 0 0 0 0 0 0 0 0 0 936250 6.82314e+07 2.15647e+08 6.46477e+08 1.67406e+09 2.74389e+09 4.32897e+09 4.31973e+09 4.16926e+09 2.84727e+09 1.74649e+09 6.64042e+08 2.18397e+08 6.79602e+07 866760 0 0 0 0 0 0 0 0 0 0 0 0 0 0 0 0 0 0 0 0 0 0 0 0 0 
0 0 0 0 0 0 0 0 0 0 0 0 0 0 0 0 0 0 0 0 0 0 0 0 0 6.132e+06 1.86671e+07 6.01762e+07 2.78454e+08 5.92621e+08 1.14886e+09 1.57783e+09 1.82196e+09 1.71252e+09 1.20179e+09 6.28303e+08 3.06031e+08 6.27708e+07 1.96045e+07 6.59575e+06 0 0 0 0 0 0 0 0 0 0 0 0 0 0 0 0 0 0 0 0 0 0 0 0 0 
0 0 0 0 0 0 0 0 0 0 0 0 0 0 0 0 0 0 0 0 0 0 0 0 0 0 2.30924e+06 2.99279e+07 1.09097e+08 2.09891e+08 5.02575e+08 5.77554e+08 7.95858e+08 5.83653e+08 4.87765e+08 2.20986e+08 1.11352e+08 3.47967e+07 2.36324e+06 0 0 0 0 0 0 0 0 0 0 0 0 0 0 0 0 0 0 0 0 0 0 0 0 0 0 
0 0 0 0 0 0 0 0 0 0 0 0 0 0 0 0 0 0 0 0 0 0 0 0 0 0 106564 1.45714e+07 2.70737e+07 9.3207e+07 1.75583e+08 2.39354e+08 2.9253e+08 2.31991e+08 1.76657e+08 9.57553e+07 2.85872e+07 1.54542e+07 112285 0 0 0 0 0 0 0 0 0 0 0 0 0 0 0 0 0 0 0 0 0 0 0 0 0 0 
0 0 0 0 0 0 0 0 0 0 0 0 0 0 0 0 0 0 0 0 0 0 0 0 0 0 1.65984e+06 3.0454e+06 8.72754e+06 4.2171e+07 5.48597e+07 1.12224e+08 9.75317e+07 1.05027e+08 5.34776e+07 4.36371e+07 9.01845e+06 3.3369e+06 1.68832e+06 0 0 0 0 0 0 0 0 0 0 0 0 0 0 0 0 0 0 0 0 0 0 0 0 0 0 
0 0 0 0 0 0 0 0 0 0 0 0 0 0 0 0 0 0 0 0 0 0 0 0 0 0 0 265942 5.7594e+06 1.19225e+07 2.13058e+07 4.13101e+07 3.74324e+07 4.20173e+07 2.18509e+07 1.27519e+07 6.48703e+06 308077 0 0 0 0 0 0 0 0 0 0 0 0 0 0 0 0 0 0 0 0 0 0 0 0 0 0 0 
0 0 0 0 0 0 0 0 0 0 0 0 0 0 0 0 0 0 0 0 0 0 0 0 0 0 0 8520.57 2.36279e+06 2.59706e+06 1.20997e+07 1.19167e+07 1.78161e+07 1.19942e+07 1.25204e+07 2.43315e+06 2.55279e+06 9426.58 0 0 0 0 0 0 0 0 0 0 0 0 0 0 0 0 0 0 0 0 0 0 0 0 0 0 0 
0 0 0 0 0 0 0 0 0 0 0 0 0 0 0 0 0 0 0 0 0 0 0 0 0 0 0 356948 380013 1.1912e+06 4.63648e+06 3.29103e+06 8.09038e+06 3.65935e+06 4.65063e+06 1.24516e+06 435932 390493 0 0 0 0 0 0 0 0 0 0 0 0 0 0 0 0 0 0 0 0 0 0 0 0 0 0 0 
0 0 0 0 0 0 0 0 0 0 0 0 0 0 0 0 0 0 0 0 0 0 0 0 0 0 0 0 23638.1 968083 1.04265e+06 2.20437e+06 2.14348e+06 2.33798e+06 974705 1.05521e+06 24073.8 0 0 0 0 0 0 0 0 0 0 0 0 0 0 0 0 0 0 0 0 0 0 0 0 0 0 0 0 
0 0 0 0 0 0 0 0 0 0 0 0 0 0 0 0 0 0 0 0 0 0 0 0 0 0 0 0 444.515 290991 126118 1.15315e+06 345794 1.19997e+06 133760 318849 364.828 0 0 0 0 0 0 0 0 0 0 0 0 0 0 0 0 0 0 0 0 0 0 0 0 0 0 0 0 
0 0 0 0 0 0 0 0 0 0 0 0 0 0 0 0 0 0 0 0 0 0 0 0 0 0 0 0 62445.7 30275.9 166570 308853 223480 292776 170041 32715.9 67896.8 0 0 0 0 0 0 0 0 0 0 0 0 0 0 0 0 0 0 0 0 0 0 0 0 0 0 0 0 
0 0 0 0 0 0 0 0 0 0 0 0 0 0 0 0 0 0 0 0 0 0 0 0 0 0 0 0 0 941.204 120548 33701.2 203828 35014 124192 932.053 0 0 0 0 0 0 0 0 0 0 0 0 0 0 0 0 0 0 0 0 0 0 0 0 0 0 0 0 0 
0 0 0 0 0 0 0 0 0 0 0 0 0 0 0 0 0 0 0 0 0 0 0 0 0 0 0 0 0 0 22476.9 3414.75 63700.5 3933.26 22512.4 0 0 0 0 0 0 0 0 0 0 0 0 0 0 0 0 0 0 0 0 0 0 0 0 0 0 0 0 0 0 
0 0 0 0 0 0 0 0 0 0 0 0 0 0 0 0 0 0 0 0 0 0 0 0 0 0 0 0 0 9015.33 1146.29 20072.4 7119.14 20153.6 1289.91 9568.65 0 0 0 0 0 0 0 0 0 0 0 0 0 0 0 0 0 0 0 0 0 0 0 0 0 0 0 0 0 
0 0 0 0 0 0 0 0 0 0 0 0 0 0 0 0 0 0 0 0 0 0 0 0 0 0 0 0 0 0 0 8799 454.722 9058.45 0 0 0 0 0 0 0 0 0 0 0 0 0 0 0 0 0 0 0 0 0 0 0 0 0 0 0 0 0 0 0 
0 0 0 0 0 0 0 0 0 0 0 0 0 0 0 0 0 0 0 0 0 0 0 0 0 0 0 0 0 0 0 847.72 0 901.298 0 0 0 0 0 0 0 0 0 0 0 0 0 0 0 0 0 0 0 0 0 0 0 0 0 0 0 0 0 0 0 
0 0 0 0 0 0 0 0 0 0 0 0 0 0 0 0 0 0 0 0 0 0 0 0 0 0 0 0 0 0 812.745 0 1432.11 0 990.094 0 0 0 0 0 0 0 0 0 0 0 0 0 0 0 0 0 0 0 0 0 0 0 0 0 0 0 0 0 0 
0 0 0 0 0 0 0 0 0 0 0 0 0 0 0 0 0 0 0 0 0 0 0 0 0 0 0 0 0 0 0 0 342.113 0 0 0 0 0 0 0 0 0 0 0 0 0 0 0 0 0 0 0 0 0 0 0 0 0 0 0 0 0 0 0 0 
0 0 0 0 0 0 0 0 0 0 0 0 0 0 0 0 0 0 0 0 0 0 0 0 0 0 0 0 0 0 0 0 0 0 0 0 0 0 0 0 0 0 0 0 0 0 0 0 0 0 0 0 0 0 0 0 0 0 0 0 0 0 0 0 0 
0 0 0 0 0 0 0 0 0 0 0 0 0 0 0 0 0 0 0 0 0 0 0 0 0 0 0 0 0 0 0 56.8145 0 57.3234 0 0 0 0 0 0 0 0 0 0 0 0 0 0 0 0 0 0 0 0 0 0 0 0 0 0 0 0 0 0 0 
0 0 0 0 0 0 0 0 0 0 0 0 0 0 0 0 0 0 0 0 0 0 0 0 0 0 0 0 0 0 0 0 0 0 0 0 0 0 0 0 0 0 0 0 0 0 0 0 0 0 0 0 0 0 0 0 0 0 0 0 0 0 0 0 0 
0 0 0 0 0 0 0 0 0 0 0 0 0 0 0 0 0 0 0 0 0 0 0 0 0 0 0 0 0 0 0 0 0 0 0 0 0 0 0 0 0 0 0 0 0 0 0 0 0 0 0 0 0 0 0 0 0 0 0 0 0 0 0 0 0 
0 0 0 0 0 0 0 0 0 0 0 0 0 0 0 0 0 0 0 0 0 0 0 0 0 0 0 0 0 0 0 0 2.22768 0 0 0 0 0 0 0 0 0 0 0 0 0 0 0 0 0 0 0 0 0 0 0 0 0 0 0 0 0 0 0 0 
