1.000000000000000056e-01 -2.000000000000000000e+00 6.400000000000000000e+01 1.000000000000000000e+00 1.600000000000000000e+01 4.096000000000000000e+03 1.000000000000000000e+00
2.256410256410256443e-01 -2.000000000000000000e+00 6.400000000000000000e+01 1.000000000000000000e+00 1.600000000000000000e+01 4.096000000000000000e+03 1.000000000000000000e+00
3.512820512820512553e-01 -2.000000000000000000e+00 6.400000000000000000e+01 1.000000000000000000e+00 1.600000000000000000e+01 4.096000000000000000e+03 1.000000000000000000e+00
4.769230769230768940e-01 -2.000000000000000000e+00 6.400000000000000000e+01 1.000000000000000000e+00 1.600000000000000000e+01 4.096000000000000000e+03 1.000000000000000000e+00
6.025641025641025328e-01 -2.000000000000000000e+00 6.400000000000000000e+01 1.000000000000000000e+00 1.600000000000000000e+01 4.096000000000000000e+03 1.000000000000000000e+00
7.282051282051281715e-01 -2.000000000000000000e+00 6.400000000000000000e+01 1.000000000000000000e+00 1.600000000000000000e+01 4.096000000000000000e+03 1.000000000000000000e+00
8.538461538461538103e-01 -1.998499999999999943e+00 6.391599999999999682e+01 9.996249999999999858e-01 1.598874999999999957e+01 4.090914999999999964e+03 9.996249999999999858e-01
9.794871794871794490e-01 -2.000000000000000000e+00 6.400000000000000000e+01 1.000000000000000000e+00 1.600000000000000000e+01 4.096000000000000000e+03 1.000000000000000000e+00
1.105128205128205199e+00 -1.995249999999999968e+00 6.373700000000000188e+01 9.987500000000000266e-01 1.596299999999999919e+01 4.079639999999999873e+03 9.987500000000000266e-01
1.230769230769230838e+00 -1.984499999999999931e+00 6.315800000000000125e+01 9.956249999999999822e-01 1.587575000000000003e+01 4.043338999999999942e+03 9.956249999999999822e-01
1.356410256410256476e+00 -1.967000000000000082e+00 6.221200000000000330e+01 9.911250000000000338e-01 1.574225000000000030e+01 3.984773000000000138e+03 9.911250000000000338e-01
1.482051282051282115e+00 -1.952250000000000041e+00 6.140299999999999869e+01 -9.871250000000000302e-01 1.562524999999999942e+01 3.934072999999999865e+03 9.871250000000000302e-01
1.607692307692307754e+00 -1.919499999999999984e+00 5.968800000000000239e+01 -9.769999999999999796e-01 1.534350000000000058e+01 3.820313999999999851e+03 9.769999999999999796e-01
1.733333333333333393e+00 -1.902749999999999941e+00 5.882699999999999818e+01 -9.702499999999999458e-01 1.517999999999999972e+01 3.760632000000000062e+03 9.702499999999999458e-01
1.858974358974359031e+00 -1.832249999999999934e+00 5.527100000000000080e+01 -7.668749999999999734e-01 1.461425000000000018e+01 3.535144999999999982e+03 9.496250000000000524e-01
1.984615384615384670e+00 -1.731000000000000094e+00 5.050000000000000000e+01 5.276250000000000107e-01 1.368324999999999925e+01 3.212617000000000189e+03 9.106250000000000178e-01
2.110256410256410309e+00 -1.662749999999999950e+00 4.749900000000000233e+01 1.032499999999999946e-01 1.301149999999999984e+01 3.003458000000000084e+03 8.802499999999999769e-01
2.235897435897435948e+00 -1.506000000000000005e+00 4.076599999999999824e+01 -3.400000000000000244e-01 1.164649999999999963e+01 2.558581999999999880e+03 8.192500000000000338e-01
2.361538461538461586e+00 -1.531250000000000000e+00 4.216700000000000159e+01 -1.047499999999999959e-01 1.185849999999999937e+01 2.652226000000000113e+03 8.255000000000000115e-01
2.487179487179487225e+00 -1.459249999999999936e+00 3.892900000000000205e+01 -2.822500000000000009e-01 1.120899999999999963e+01 2.434335999999999785e+03 7.974999999999999867e-01
2.612820512820512864e+00 -1.221000000000000085e+00 2.925000000000000000e+01 -8.350000000000000477e-02 9.000999999999999446e+00 1.778079999999999927e+03 6.919999999999999485e-01
2.738461538461538503e+00 -1.266750000000000043e+00 3.079299999999999926e+01 2.042499999999999871e-01 9.475500000000000256e+00 1.894986000000000104e+03 7.175000000000000266e-01
2.864102564102564141e+00 -1.096999999999999975e+00 2.457400000000000162e+01 -1.986249999999999960e-01 7.959749999999999659e+00 1.471851000000000113e+03 6.453750000000000320e-01
2.989743589743589780e+00 -9.742499999999999494e-01 2.042500000000000071e+01 -5.349999999999999895e-02 6.722000000000000419e+00 1.183903999999999996e+03 5.739999999999999547e-01
3.115384615384615419e+00 -9.190000000000000391e-01 1.838599999999999923e+01 6.187499999999999944e-02 6.330250000000000377e+00 1.055076999999999998e+03 5.588750000000000107e-01
3.241025641025641058e+00 -9.567499999999999893e-01 1.966900000000000048e+01 8.225000000000000366e-02 6.732000000000000206e+00 1.154220000000000027e+03 5.792500000000000426e-01
3.366666666666666696e+00 -8.557500000000000107e-01 1.663899999999999935e+01 9.462500000000000078e-02 5.913249999999999673e+00 9.562569999999999482e+02 5.336250000000000160e-01
3.492307692307692335e+00 -7.810000000000000275e-01 1.444200000000000017e+01 -2.662499999999999936e-02 5.147750000000000270e+00 8.090869999999999891e+02 4.851249999999999729e-01
3.617948717948717974e+00 -7.764999999999999680e-01 1.434800000000000075e+01 8.250000000000000389e-03 5.253499999999999837e+00 8.011699999999999591e+02 4.977500000000000258e-01
3.743589743589743613e+00 -7.239999999999999769e-01 1.314199999999999946e+01 -4.649999999999999967e-02 4.829500000000000348e+00 7.277380000000000564e+02 4.677499999999999991e-01
3.869230769230769251e+00 -6.414999999999999591e-01 1.044599999999999973e+01 2.887500000000000136e-02 3.958250000000000046e+00 5.385410000000000537e+02 4.153749999999999942e-01
3.994871794871794890e+00 -6.742500000000000160e-01 1.140300000000000047e+01 -7.687499999999999889e-02 4.311250000000000249e+00 6.161050000000000182e+02 4.343750000000000111e-01
4.120512820512820085e+00 -5.892500000000000515e-01 9.121000000000000441e+00 8.750000000000000182e-04 3.683749999999999858e+00 4.586510000000000105e+02 4.006250000000000089e-01
4.246153846153845279e+00 -5.855000000000000204e-01 9.147999999999999687e+00 4.375000000000000416e-03 3.718750000000000000e+00 4.692669999999999959e+02 4.028749999999999831e-01
4.371794871794871362e+00 -5.972499999999999476e-01 9.702999999999999403e+00 3.912500000000000006e-02 3.948249999999999815e+00 5.178490000000000464e+02 4.183749999999999969e-01
4.497435897435897445e+00 -5.334999999999999742e-01 7.852000000000000313e+00 1.312499999999999951e-02 3.305750000000000188e+00 3.923389999999999986e+02 3.716249999999999831e-01
4.623076923076922640e+00 -4.645000000000000240e-01 6.788000000000000256e+00 -1.425000000000000051e-02 3.022499999999999964e+00 3.412740000000000009e+02 3.584999999999999853e-01
4.748717948717947834e+00 -4.909999999999999920e-01 7.360000000000000320e+00 -9.249999999999999542e-03 3.188000000000000167e+00 3.715760000000000218e+02 3.659999999999999920e-01
4.874358974358973917e+00 -4.837500000000000133e-01 6.738999999999999879e+00 3.625000000000000184e-03 2.884250000000000203e+00 3.196370000000000005e+02 3.461250000000000160e-01
5.000000000000000000e+00 -4.964999999999999969e-01 7.145999999999999908e+00 1.975000000000000019e-02 3.019000000000000128e+00 3.443679999999999950e+02 3.574999999999999845e-01
