1.000000000000000056e-01 -2.000000000000000000e+00 2.560000000000000000e+02 1.000000000000000000e+00 6.400000000000000000e+01 2.621440000000000000e+05 1.000000000000000000e+00
2.256410256410256443e-01 -2.000000000000000000e+00 2.560000000000000000e+02 1.000000000000000000e+00 6.400000000000000000e+01 2.621440000000000000e+05 1.000000000000000000e+00
3.512820512820512553e-01 -2.000000000000000000e+00 2.560000000000000000e+02 1.000000000000000000e+00 6.400000000000000000e+01 2.621440000000000000e+05 1.000000000000000000e+00
4.769230769230768940e-01 -2.000000000000000000e+00 2.560000000000000000e+02 1.000000000000000000e+00 6.400000000000000000e+01 2.621440000000000000e+05 1.000000000000000000e+00
6.025641025641025328e-01 -2.000000000000000000e+00 2.560000000000000000e+02 1.000000000000000000e+00 6.400000000000000000e+01 2.621440000000000000e+05 1.000000000000000000e+00
7.282051282051281715e-01 -2.000000000000000000e+00 2.560000000000000000e+02 1.000000000000000000e+00 6.400000000000000000e+01 2.621440000000000000e+05 1.000000000000000000e+00
8.538461538461538103e-01 -1.998375000000000012e+00 2.555970000000000084e+02 9.995937499999999476e-01 6.394881250000000250e+01 2.617375712500000081e+05 9.995937499999999476e-01
9.794871794871794490e-01 -1.997249999999999970e+00 2.553195000000000050e+02 9.992812500000000098e-01 6.390968749999999687e+01 2.614307007499999891e+05 9.992812500000000098e-01
1.105128205128205199e+00 -1.989937499999999915e+00 2.535097499999999968e+02 9.973750000000000115e-01 6.367012499999999875e+01 2.595380295000000042e+05 9.973750000000000115e-01
1.230769230769230838e+00 -1.989749999999999908e+00 2.534670000000000130e+02 9.973750000000000115e-01 6.367012499999999875e+01 2.595380295000000042e+05 9.973750000000000115e-01
1.356410256410256476e+00 -1.973062499999999941e+00 2.493787499999999966e+02 9.928749999999999520e-01 6.310849999999999937e+01 2.551583990000000049e+05 9.928749999999999520e-01
1.482051282051282115e+00 -1.948312499999999892e+00 2.433777499999999918e+02 9.859062499999999840e-01 6.224568750000000250e+01 2.485301947499999951e+05 9.859062499999999840e-01
1.607692307692307754e+00 -1.925687499999999996e+00 2.379957499999999868e+02 9.785937500000000400e-01 6.136218749999999744e+01 2.420203537500000093e+05 9.785937500000000400e-01
1.733333333333333393e+00 -1.892062499999999980e+00 2.301602499999999907e+02 -9.685312499999999547e-01 6.015143750000000011e+01 2.331930417500000040e+05 9.685312499999999547e-01
1.858974358974359031e+00 -1.836187500000000083e+00 2.174922500000000127e+02 -9.481562500000000338e-01 5.778081250000000324e+01 2.168705342499999970e+05 9.481562500000000338e-01
1.984615384615384670e+00 -1.765687500000000076e+00 2.018877500000000111e+02 -9.245624999999999538e-01 5.509412499999999824e+01 1.988848585000000021e+05 9.245624999999999538e-01
2.110256410256410309e+00 -1.604500000000000037e+00 1.693154999999999859e+02 3.540625000000000022e-01 4.644287500000000080e+01 1.524502104999999865e+05 8.338750000000000329e-01
2.235897435897435948e+00 -1.594937499999999897e+00 1.677647499999999923e+02 3.095937500000000009e-01 4.654006249999999767e+01 1.532629362499999988e+05 8.331562500000000426e-01
2.361538461538461586e+00 -1.433562500000000073e+00 1.368607499999999959e+02 1.558124999999999927e-01 3.894424999999999670e+01 1.126847269999999990e+05 7.558124999999999982e-01
2.487179487179487225e+00 -1.252874999999999961e+00 1.080270000000000010e+02 2.262499999999999928e-02 2.909925000000000139e+01 7.771881600000000617e+04 6.165625000000000133e-01
2.612820512820512864e+00 -1.095750000000000002e+00 8.327649999999999864e+01 7.096874999999999711e-02 2.059306249999999849e+01 4.583873524999999790e+04 5.044062499999999449e-01
2.738461538461538503e+00 -9.758750000000000480e-01 6.572350000000000136e+01 -5.968750000000000097e-03 1.586918750000000067e+01 2.892347974999999860e+04 4.345312499999999800e-01
2.864102564102564141e+00 -8.724374999999999769e-01 5.345624999999999716e+01 -3.046874999999999931e-02 1.132418750000000074e+01 1.875642874999999913e+04 3.490312500000000151e-01
2.989743589743589780e+00 -8.441250000000000142e-01 5.042099999999999937e+01 -2.068750000000000103e-02 1.075575000000000081e+01 1.727344199999999910e+04 3.364375000000000004e-01
3.115384615384615419e+00 -7.932500000000000107e-01 4.471999999999999886e+01 -3.053124999999999936e-02 9.557312500000000099e+00 1.332871824999999990e+04 3.220312499999999911e-01
3.241025641025641058e+00 -7.264374999999999583e-01 3.762874999999999659e+01 -3.931250000000000022e-02 7.541875000000000107e+00 9.255440500000000611e+03 2.795000000000000262e-01
3.366666666666666696e+00 -6.834375000000000311e-01 3.320524999999999949e+01 1.787499999999999853e-02 6.036999999999999922e+00 6.090993999999999687e+03 2.488750000000000129e-01
3.492307692307692335e+00 -6.971249999999999947e-01 3.494599999999999795e+01 -1.790624999999999856e-02 7.139812499999999673e+00 8.688773250000000189e+03 2.720937500000000231e-01
3.617948717948717974e+00 -6.650000000000000355e-01 3.134600000000000009e+01 9.875000000000000097e-03 6.404124999999999623e+00 6.175235499999999774e+03 2.608125000000000027e-01
3.743589743589743613e+00 -6.031874999999999876e-01 2.643025000000000091e+01 -4.831250000000000128e-02 5.046249999999999680e+00 4.543036000000000058e+03 2.274374999999999869e-01
3.869230769230769251e+00 -5.750625000000000320e-01 2.395574999999999832e+01 3.300000000000000155e-02 4.392249999999999766e+00 3.361989999999999782e+03 2.104374999999999996e-01
3.994871794871794890e+00 -5.571874999999999467e-01 2.263824999999999932e+01 -8.531250000000000638e-03 4.263687499999999631e+00 3.101153749999999945e+03 2.089687500000000087e-01
4.120512820512820085e+00 -5.471875000000000488e-01 2.193574999999999875e+01 3.731249999999999845e-02 3.789750000000000174e+00 2.526503999999999905e+03 1.962500000000000078e-01
4.246153846153845279e+00 -5.071875000000000133e-01 1.910125000000000028e+01 1.846874999999999906e-02 3.654812499999999797e+00 2.337930249999999887e+03 1.931562500000000016e-01
4.371794871794871362e+00 -4.963124999999999898e-01 1.837274999999999991e+01 1.562500000000000000e-02 3.599250000000000060e+00 2.314940999999999804e+03 1.908749999999999891e-01
4.497435897435897445e+00 -4.738749999999999907e-01 1.681650000000000134e+01 8.312500000000000444e-03 3.243500000000000050e+00 1.853020999999999958e+03 1.815624999999999878e-01
4.623076923076922640e+00 -4.563749999999999751e-01 1.590850000000000009e+01 1.359374999999999993e-02 3.056562500000000071e+00 1.659022249999999985e+03 1.735312499999999980e-01
4.748717948717947834e+00 -4.669375000000000053e-01 1.640925000000000011e+01 -2.587499999999999870e-02 2.985875000000000057e+00 1.554669499999999971e+03 1.753125000000000100e-01
4.874358974358973917e+00 -4.166874999999999885e-01 1.342225000000000001e+01 6.656249999999999840e-03 2.669312500000000199e+00 1.283619249999999965e+03 1.636562500000000031e-01
5.000000000000000000e+00 -4.268750000000000044e-01 1.411100000000000065e+01 -1.968750000000000014e-03 3.008437499999999876e+00 1.740183749999999918e+03 1.705937499999999885e-01
